{
 "cells": [
  {
   "cell_type": "code",
   "execution_count": 3,
   "metadata": {
    "collapsed": true
   },
   "outputs": [],
   "source": [
    "import sys\n",
    "sys.path.append('..')\n",
    "from src.kitti import *\n",
    "import numpy as np\n",
    "import cv2\n",
    "%matplotlib inline"
   ]
  },
  {
   "cell_type": "markdown",
   "metadata": {},
   "source": [
    "Read frame transformations from KITTI sequence 00 into a list of frames (frame)."
   ]
  },
  {
   "cell_type": "code",
   "execution_count": 4,
   "metadata": {
    "collapsed": true
   },
   "outputs": [],
   "source": [
    "IMAGE_SIZE = 400\n",
    "\n",
    "def load(file):\n",
    "    keyframeids, frameids, poses = load_keyframes(file)\n",
    "    return keyframeids, frameids, poses.reshape(poses.shape[0], 4, 4)\n",
    "\n",
    "def load_csv(file):\n",
    "    poses = np.genfromtxt(file, delimiter= \" \")\n",
    "    poses = np.hstack([poses, np.repeat(np.array([[0,0,0,1.0]]), len(poses), axis=0) ])\n",
    "    return poses.reshape(poses.shape[0], 4, 4)\n",
    "\n",
    "def transform(poses):\n",
    "    points = np.repeat(np.array([[0,0,0,1.0]]), len(poses), axis=0) \n",
    "    for i in range(1, len(poses)):\n",
    "        points[:i] = np.dot(points[:i], poses[i].T)\n",
    "    return points\n",
    "        \n",
    "def transform2(poses):\n",
    "    points = poses[:,:,3]\n",
    "    return points\n",
    "    \n",
    "def plot_trajectory(points):\n",
    "    # remove y coordinate (we only use x and z to plot a view from above)\n",
    "    points = points[:, [0,2,3]]\n",
    "    # compute min and max\n",
    "    pmin = points.min(axis=0)\n",
    "    pmax = points.max(axis=0)\n",
    "    maxxy = max(pmax[0] - pmin[0], pmax[1] - pmin[1])\n",
    "\n",
    "    t = np.eye(3, dtype=np.float64)\n",
    "    t[0,0] = IMAGE_SIZE / maxxy\n",
    "    t[1,1] = -IMAGE_SIZE / maxxy\n",
    "    t[0,2] = -pmin[0] * IMAGE_SIZE / maxxy\n",
    "    t[1,2] = IMAGE_SIZE / maxxy + pmin[1] / maxxy + 100\n",
    "\n",
    "    return np.dot(points, t.T)\n",
    "    \n",
    "\n",
    "def plot_trajectory2(points):\n",
    "    # remove y coordinate (we only use x and z to plot a view from above)\n",
    "    points = points[:, [0,2,3]]\n",
    "    # compute min and max\n",
    "    pmin = points.min(axis=0)\n",
    "    pmax = points.max(axis=0)\n",
    "    maxxy = max(pmax[0] - pmin[0], pmax[1] - pmin[1]) * 1.01\n",
    "\n",
    "    t = np.eye(3, dtype=np.float64)\n",
    "    t[0,0] = IMAGE_SIZE / maxxy\n",
    "    t[1,1] = -IMAGE_SIZE / maxxy\n",
    "    t[0,2] = -pmin[0] * IMAGE_SIZE / maxxy\n",
    "    t[1,2] = IMAGE_SIZE / maxxy + pmin[1] / maxxy + 100\n",
    "    return np.dot(points, t.T)\n",
    "    \n",
    "def plot_trajectory3(points):\n",
    "    coords = []\n",
    "    minx = min([p[0] for p in points])\n",
    "    maxx = max([p[0] for p in points])\n",
    "    miny = min([p[2] for p in points])\n",
    "    maxy = max([p[2] for p in points])\n",
    "    maxxy = max(maxx - minx, maxy - miny)* 1.01\n",
    "\n",
    "    for p in points:\n",
    "        #print(p)\n",
    "        x = IMAGE_SIZE * (p[0] - minx) / (maxxy)\n",
    "        z = IMAGE_SIZE - IMAGE_SIZE * (p[2] - miny) / (maxxy)\n",
    "        coords.append([x, z])\n",
    "    return coords\n",
    "\n",
    "def new_image():\n",
    "    img = np.zeros((IMAGE_SIZE, IMAGE_SIZE, 3), np.uint8)\n",
    "    img[:] = 255 #or img.fill(255)\n",
    "    return img\n",
    "\n",
    "def draw(coords, img, color = (0,0,0)):\n",
    "    # Draw a black line with thickness of 2 px\n",
    "    for i in range(1,len(coords)):\n",
    "        cv2.line(img, (int(coords[i - 1][0]), int(coords[i - 1][1])), (int(coords[i][0]), int(coords[i][1])), color, 2)\n",
    "    return img"
   ]
  },
  {
   "cell_type": "markdown",
   "metadata": {},
   "source": [
    "Compute the frame positions by mutiplying every point by a sequence of their transformations\n",
    "vectorized to improve speed"
   ]
  },
  {
   "cell_type": "code",
   "execution_count": 5,
   "metadata": {},
   "outputs": [
    {
     "name": "stdout",
     "output_type": "stream",
     "text": [
      "[[[1.0 0.0 0.0 0.0]\n",
      "  [0.0 1.0 0.0 0.0]\n",
      "  [0.0 0.0 1.0 0.0]\n",
      "  [0.0 0.0 0.0 1.0]]\n",
      "\n",
      " [[0.9837453906743289 0.0032174719950245224 -0.1795401186391868\n",
      "   0.20677257881574818]\n",
      "  [-0.0009719342042947331 0.9999202234900699 0.012593728576999997\n",
      "   0.1358658562929986]\n",
      "  [0.1795663155241388 -0.012214521256678762 0.9836700380714845\n",
      "   -4.221333195847743]\n",
      "  [0.0 0.0 0.0 1.0]]\n",
      "\n",
      " [[0.8950491265448293 0.007459874771934672 -0.4459051595796188\n",
      "   1.9208377152676919]\n",
      "  [-0.0054290915842033 0.9999682582806649 0.0058315860367299365\n",
      "   0.6099917249081731]\n",
      "  [0.4459345086847491 -0.002798696039319615 0.8950612164900069\n",
      "   -10.700876394188239]\n",
      "  [0.0 0.0 0.0 1.0]]\n",
      "\n",
      " [[0.9477392832491581 0.012639382269562785 -0.3187953842235108\n",
      "   0.9324150037554351]\n",
      "  [-0.008876604151575587 0.9998727708377272 0.01325322738136633\n",
      "   0.136764798048176]\n",
      "  [0.31892233676101805 -0.009730783788052692 0.9477308979672247\n",
      "   -7.119135644324576]\n",
      "  [0.0 0.0 0.0 1.0]]\n",
      "\n",
      " [[0.9846013728925738 0.01201427523842383 -0.17440124336871657\n",
      "   0.22928237861795753]\n",
      "  [-0.01060733386738167 0.9999032630267392 0.008997169371837865\n",
      "   0.0231553099016655]\n",
      "  [0.17449246678950012 -0.0070086931003601185 0.9846335649645203\n",
      "   -4.122920786388526]\n",
      "  [0.0 0.0 0.0 1.0]]\n",
      "\n",
      " [[0.9938979992635195 0.003423552080913766 -0.11024992676243434\n",
      "   0.2022739462469702]\n",
      "  [-0.0032002277753334397 0.9999924537235317 0.002202507247692328\n",
      "   0.037530052320343094]\n",
      "  [0.11025663518427745 -0.001836242668991186 0.9939014551808956\n",
      "   -3.255795074809798]\n",
      "  [0.0 0.0 0.0 1.0]]\n",
      "\n",
      " [[0.9950713753956623 -0.0036305255600779817 -0.09909478872444664\n",
      "   0.10432530489381849]\n",
      "  [0.004041386000574472 0.9999840491356966 0.003945715824938553\n",
      "   0.07073743046918934]\n",
      "  [0.09907888305476327 -0.004326749164722899 0.9950701755023542\n",
      "   -3.276481797967513]\n",
      "  [0.0 0.0 0.0 1.0]]\n",
      "\n",
      " [[0.9886627932649459 0.047936153277013054 -0.14229548981804555\n",
      "   2.9297159410345732]\n",
      "  [-0.044696533869355286 0.9986653741024499 0.02587837763228655\n",
      "   -1.7755002131993742]\n",
      "  [0.14334608844897154 -0.019224873934992746 0.989485878195623\n",
      "   -5.904802263315603]\n",
      "  [0.0 0.0 0.0 1.0]]]\n"
     ]
    },
    {
     "data": {
      "image/png": "iVBORw0KGgoAAAANSUhEUgAAA9kAAAFpCAYAAACI4eu2AAAABHNCSVQICAgIfAhkiAAAAAlwSFlz\nAAALEgAACxIB0t1+/AAAADl0RVh0U29mdHdhcmUAbWF0cGxvdGxpYiB2ZXJzaW9uIDIuMS4wLCBo\ndHRwOi8vbWF0cGxvdGxpYi5vcmcvpW3flQAAIABJREFUeJzt3XGMpOddH/Dvrz7HQUmK4+QSuT5T\nO+A2BFQc+3AtpUKpQ8ExiDNSUjlCxEKWjraOFAQt2CCVIDUSVAWjSG2QwcEOBRI3gGJFpsW1EyH+\niJNz4jh2TMiRWPiw5buQxCRCmNp5+se8a8/tzezO7r6z887M5yONduadd3d/99q77++7z/M+b7XW\nAgAAAOzdP1p0AQAAALAqhGwAAADoiZANAAAAPRGyAQAAoCdCNgAAAPREyAYAAICezC1kV9XVVfX5\nqjpeVTfN6/sAADCi/wJYvJrHfbKr6qwkf5Hk3yQ5keSTSd7WWvtc798MAAD9F8BAzGsk+4okx1tr\nX2yt/UOSDyQ5MqfvBQCA/gtgEOYVsi9I8vjY6xPdNgAA5kP/BTAAB+b0dWvCttPmpVfV0SRHk+Ql\nL3nJ5a997WvnVArA8nnsscfy5S9/edLvUoBptu2/Ej0YwFb66MHmFbJPJLlw7PWhJE+M79BauzXJ\nrUly+PDhduzYsTmVArB8Dh8+vOgSgOWzbf+VnN6DVVV74IEHMo81egCWUR892Lymi38yySVVdXFV\nvSjJdUnumtP3AgBA/wUwCHMZyW6tPVtV70jyf5KcleR9rbVH5vG9AADQfwEMxbymi6e1dneSu+f1\n9QEAOJ3+C2Dx5jVdHAAAANaOkA0AAAA9EbIBAACgJ0I2AAAA9ETIBgAAgJ4I2QAAANATIRsAAAB6\nImQDAKypyy+/PElSVQuuBGB1CNkAAADQEyEbAAAAeiJkAwAAQE+EbAAAAOiJkA0AAAA9EbIBAACg\nJ0I2AMAaa60lcRsvgL4I2QAAANATIRsAAAB6ImQDAABAT4RsAAAA6ImQDQAAAD0RsgEASGKFcYA+\nCNkAAADQEyEbAAAAeiJkAwAAQE+EbAAAAOiJkA0AAAA9EbIBAACgJ0I2AMCaa609/9xtvAD2RsgG\nAACAngjZAAAA0BMhGwAAAHoiZAMAAEBPDuzlk6vqsSRfT/Jckmdba4er6rwkH0xyUZLHkvzb1tpX\n91YmAAAb9GAAw9XHSPa/bq1d2lo73L2+Kcm9rbVLktzbvQYAoF+99mBWGAfoxzymix9Jckf3/I4k\n187hewAAcDo9GMAA7DVktyR/UlUPVNXRbturW2tPJkn38VV7/B4AAJxODwYwUHu6JjvJG1prT1TV\nq5LcU1V/PusndieEo0nybd/2bXssAwBgrejBAAZqTyPZrbUnuo8nk/xRkiuSPFVV5ydJ9/HklM+9\ntbV2uLV2+ODBg3spAwBgrejBAIZr1yG7ql5SVS/beJ7kB5I8nOSuJNd3u12f5MN7LRIAgBE9GMCw\n7WW6+KuT/FG3+uSBJL/XWvvfVfXJJHdW1Q1J/irJW/deJgAAHT0YwIDtOmS31r6Y5HsmbP+bJG/a\nS1EAAEw2zx6steb2XQB7NI9beAEAAMBaErIBAACgJ0I2AAAA9ETIBgAAgJ4I2QAAANATIRsAgOe1\n1pLEKuMAuyRkAwAAQE+EbAAAAOiJkA0AAAA9EbIBAACgJ0I2AAAA9ETIBgAAgJ4I2QAAnMZtvAB2\nT8gGAACAngjZAAAA0BMhGwAAAHoiZAMAAEBPhGwAAADoiZANAMBUVhgH2BkhGwAAAHoiZAMAAEBP\nhGwAAADoiZANAAAAPRGyAQAAoCdCNgAAAPREyAYA4Aytteefu40XwOyEbAAAAOiJkA0AAAA9EbIB\nAACgJ0I2AAAA9ETIBgAAgJ4I2QAATDS+wjgAs9k2ZFfV+6rqZFU9PLbtvKq6p6q+0H18ebe9quo9\nVXW8qh6qqsvmWTwAwKrSgwEsp1lGsm9PcvWmbTclube1dkmSe7vXSfLmJJd0j6NJ3ttPmQAAa+f2\n6MEAls62Ibu19qdJvrJp85Ekd3TP70hy7dj297eRjyc5t6rO76tYAIB1oQcDWE67vSb71a21J5Ok\n+/iqbvsFSR4f2+9Etw0AgL3TgwEMXN8Ln9WEbRNXzKiqo1V1rKqOnTp1qucyAADWih4MYCB2G7Kf\n2piC1H082W0/keTCsf0OJXli0hdord3aWjvcWjt88ODBXZYBALBW9GAAA7fbkH1Xkuu759cn+fDY\n9rd3K1xemeTpjSlNAADs2b73YBu38aqaNFgOwGYHttuhqn4/yRuTvLKqTiT5xSS/nOTOqrohyV8l\neWu3+91JrklyPMnfJfmJOdQMALDy9GAAy2nbkN1ae9uUt940Yd+W5Ma9FgUAsO70YADLqe+FzwAA\nAGBtCdkAAADQEyEbAAAAeiJkAwAAQE+EbAAAtuQ2XgCzE7IBAACgJ0I2AAAA9ETIBgAAgJ4I2QAA\nANATIRsAAAB6ImQDADAzK4wDbE3IBgAAgJ4I2QAAANATIRsAAAB6ImQDAABAT4RsAAAA6ImQDQAA\nAD0RsgEA2FZr7fnnbuMFMJ2QDQAAAD0RsgEAAKAnQjYAAAD0RMgGAACAngjZAAAA0BMhGwCAmVhh\nHGB7QjYAAAD0RMgGAACAngjZAAAA0BMhGwAAAHoiZAMAAEBPhGwAAADoiZANAMDMxm/jBcCZhGwA\nAADoybYhu6reV1Unq+rhsW3vqqq/rqoHu8c1Y+/dXFXHq+rzVfWD8yocAGCV6cEAltMsI9m3J7l6\nwvZbWmuXdo+7k6SqXpfkuiTf1X3O/6iqs2Ytpqq2fQAArInbs089GAD92TZkt9b+NMlXZvx6R5J8\noLX2TGvtS0mOJ7lilk+cNUAL3gDAOtivHmyXtc3rSwMsvb1ck/2Oqnqom8r08m7bBUkeH9vnRLft\nDFV1tKqOVdWxBx54IMnoF/a0x1aMfgMAa6S3HuzUqVO7LqK1ptcCmGC3Ifu9Sb49yaVJnkzyq932\nSb9lJybk1tqtrbXDrbXDs3zD3YTvDQI3ALAieu3BDh48OJ8qAdbYrkJ2a+2p1tpzrbVvJvnNvDAd\n6USSC8d2PZTkib2VuG0tuxr1BgBYNkPqwcbprQBesKuQXVXnj7380SQbq17eleS6qjqnqi5OckmS\nT8zyNfu8tmeWwG10GwBYNvPowQDo14Htdqiq30/yxiSvrKoTSX4xyRur6tKMpiE9luQnk6S19khV\n3Znkc0meTXJja+257b7H5Zdfvtv6tzUetKcF6o3tFvEAAIZiP3qwvdq4LrurVy8FkBlCdmvtbRM2\n37bF/u9O8u69FDUvm3/xbw7dm187UQAAi7IsPdh40AZgb6uLL73tppWbTg4AsD0DEwAvWOuQPU7Y\nBgDYG/0SgJB9hq1Gt4VtAIDJjGYDjGx7TfY6m7Zo2vhzJxQAgBdYUBZYd0ayZ7TV6DYAAAAkQvaO\nmUYOADDZLLdOBVh1QvYuuGYbAGAy08SBdSdk78FWq5EDAKw7PRGwjix8tkebg/bGycTiaADAumqt\nCdjA2jKS3TOLowEAGGQA1peQPQeCNgDAiB4IWDdC9pxMWhzNwmgAwDrZ6IX0P8A6EbLnTNgGABC0\ngfUhZO8TU8gBAABWn5C9j6aNagMArKrx3kffA6wDIXsAnHAAgFVmpXFgnQjZC2BEGwAAYDUJ2Qu0\nOWxvLIgmcAMAq8ZK48C6ELIHwBQqAGAdCNrAOhCyB8L0cQAAgOUnZA+IoA0ArAt9DrCqhOyBmXad\nNgDAKnBLL2DVCdkDZVQbAFhV1qMBVpmQPWCCNgCw6vQ3wKoRsgdO0AYAVpHRbGBVCdlLQNAGAABY\nDkL2khC0AYBV477ZwCoSspfIpJXHAQCWmaANrBohewkJ2gAAAMMkZC8p99IGAFaNfgZYBUL2EnOd\nNgCwCszSA1bJtiG7qi6sqo9W1aNV9UhVvbPbfl5V3VNVX+g+vrzbXlX1nqo6XlUPVdVl8/5HrDNB\nGwBW07r1YG7pBayKWUayn03yM62170xyZZIbq+p1SW5Kcm9r7ZIk93avk+TNSS7pHkeTvLf3qjmN\noA0AK0kPBrCEtg3ZrbUnW2uf6p5/PcmjSS5IciTJHd1udyS5tnt+JMn728jHk5xbVef3XjmnmbTy\nuLANAMtrHXswo9nAKtjRNdlVdVGS1ye5P8mrW2tPJqOTQJJXdbtdkOTxsU870W1jHxjVBoDVs049\nWGvNYAGw1GYO2VX10iR/kOSnWmt/u9WuE7ad8WfJqjpaVceq6tipU6dmLYMZCNoAsDr0YADLZaaQ\nXVVnZ/TL/Xdba3/YbX5qYwpS9/Fkt/1EkgvHPv1Qkic2f83W2q2ttcOttcMHDx7cbf1MIWgDwPJb\n9x5M/wIso1lWF68ktyV5tLX2a2Nv3ZXk+u759Uk+PLb97d0Kl1cmeXpjShP7a1LQdrICgOWgBwNY\nTgdm2OcNSX48yWer6sFu288n+eUkd1bVDUn+Kslbu/fuTnJNkuNJ/i7JT/RaMTuycV0TALB01rYH\nG+9fqsqCaMBS2TZkt9b+LJOv8UmSN03YvyW5cY910aONE9P4yWp8OwAwPOvegwnawLLa0eriLDfT\nxwGAZSJYA8tIyF4zTlYAAADzI2SvISuPAwDLYvNlbwBDJ2SvqdbaaWF7Y+q4ExgAMDSCNrBMhOw1\nN2n6uBMYAADA7gjZuE4bAFgaBgOAoROySeI6bQBg2AwKAMtCyOZ5gjYAsAz0KMCQCdmcZtqCaAAA\ni2Y0G1gGQjYTGdUGAIZI0AaGTshmKkEbABgqfQkwVEI2WxK0AYChcd9sYMiEbLY1KWg7qQEAQ6An\nAYZGyGYmmxdES5zUAAAANhOy2RFBGwAYgs13QwEYCiGbHTN9HAAYAiuNA0MkZLMrTmoAwJD4gz8w\nFEI2u7b5Om0j2gDAfvOHf2BohGz2zHXaAMAiuaUXMCRCNr1wnTYAAICQTY9M1wIAFsVoNjAUQja9\nmnadthMeALBf9B3AIgnZzMXmsJ044QEA82VWHTAEQjYAACvHH/eBRRGymSuj2QDAfjKaDSyakM3c\nWXkcAABYF0I2+2LaNdrCNgDQNyuNA4skZLOvTOECAPaDoA0sipDNvjOiDQAArCohm4Vwiy8AYL/o\nMYD9JGSzUEa1AYB5Ge8z9BfAfhGyWTij2gDAvFgPBthv24bsqrqwqj5aVY9W1SNV9c5u+7uq6q+r\n6sHucc3Y59xcVcer6vNV9YPz/AewOgRtAHiBHgxgOR2YYZ9nk/xMa+1TVfWyJA9U1T3de7e01v7b\n+M5V9bok1yX5riT/JMn/rap/1lp7rs/CWU2ttdPC9cZzf4UGYA3pwXqyub8AmKdtR7Jba0+21j7V\nPf96kkeTXLDFpxxJ8oHW2jOttS8lOZ7kij6KBQBYF3qw/gnawH7Y0TXZVXVRktcnub/b9I6qeqiq\n3ldVL++2XZDk8bFPO5GtTwhwmo1rtDcvVmJRNADWlR5s79w3G9gvM4fsqnppkj9I8lOttb9N8t4k\n357k0iRPJvnVjV0nfPoZc32r6mhVHauqY6dOndpx4ayHSdPEnRwBWCd6sP7pJYB5milkV9XZGf1y\n/93W2h8mSWvtqdbac621byb5zbwwHelEkgvHPv1Qkic2f83W2q2ttcOttcMHDx7cy7+BFed6bADW\nlR4MYPnMsrp4JbktyaOttV8b237+2G4/muTh7vldSa6rqnOq6uIklyT5RH8ls46sPA7AutGD9c99\ns4H9MMvq4m9I8uNJPltVD3bbfj7J26rq0oymIT2W5CeTpLX2SFXdmeRzGa2KeaNVLenD5mupxk+O\nRrsBWEF6sDkYX2m8qvQQQO+2DdmttT/L5Gt87t7ic96d5N17qAummnQbDidJAFaNHmx+3NILmKcd\nrS4OQ2FBNAAAYIiEbJbW5tt8JYI2ADAbt/QC5kXIZulNCtpOmAAAwCII2awEo9oAwE4ZzQbmQchm\npRjVBgB2Q78A9EXIZuVYFA0AmJW7kwB9E7JZSYI2ALBTegWgD0I2K2vjOu3xwG36OACwmdFsoE9C\nNmvBomgAwFYsggb0RchmbQjaAADAvAnZrDVBGwDYYDQb6IOQzVqZdj9tJ1MAAKAPQjZrSdgGACYx\nmg3slZDNWnOrLwBgGj0BsBtCNmtv2qg2ALCe3NIL2AshGzqmjwMAm+kFgJ0SsmGMa7UBgMRoNrB7\nQjZM4FptAMAiaMBuCNkwhWu1AQCAnRKyYRuCNgCsL6PZwE4J2TAD12kDAACzELJhRhZFA4D1ZDQb\n2AkhG3bIomgAsL6c84HtCNmwC0a1AWC9uKUXMCshG/bACuQAAMA4IRt6YFQbAFafa7OBWQjZ0BNT\nyAFg9QnawHaEbOiZhdEAAGB9CdkwB4I2AKw+53ZgEiEb5mRa0HZCBoDlZqVxYCtCNszRxnXartUG\ngNXi2mxgGiEb9omRbQBYTc7lwLhtQ3ZVvbiqPlFVn6mqR6rql7rtF1fV/VX1har6YFW9qNt+Tvf6\nePf+RfP9J8DymDSqnTg5A3AmPdjwmTYOTDLLSPYzSa5qrX1PkkuTXF1VVyb5lSS3tNYuSfLVJDd0\n+9+Q5Kutte9Icku3HzBG0AZgBnowgCW0bchuI9/oXp7dPVqSq5J8qNt+R5Jru+dHutfp3n9TSQ9w\nhknXa29MH/cjA4AebDm4NhvYbKZrsqvqrKp6MMnJJPck+cskX2utPdvtciLJBd3zC5I8niTd+08n\neUWfRcOqMbINwCR6sOUgaAPjZgrZrbXnWmuXJjmU5Iok3zlpt+7jpN8uZySIqjpaVceq6tipU6dm\nrRdWlqANwGZ6MIDls6PVxVtrX0vysSRXJjm3qg50bx1K8kT3/ESSC5Oke/9bk3xlwte6tbV2uLV2\n+ODBg7urHlaM230BMIkebHk4ZwOzrC5+sKrO7Z5/S5LvT/Joko8meUu32/VJPtw9v6t7ne79+5ql\nF2FH3O4LAD3YcnGogQ0Htt8l5ye5o6rOyiiU39la+0hVfS7JB6rqvyT5dJLbuv1vS/I7VXU8o7+e\nXjeHumHlTbu+a+O1kznAytODLZnW2vN/FHeehvW1bchurT2U5PUTtn8xo2uDNm//+yRv7aU6QNgG\nWFN6MIDltKNrsoHFmXS9duLaLwAYEiuNA0I2LBlBGwAAhkvIhiW0Mao9Hrg3rgETuAFgsYxmw3oT\nsmHJGdkGgOFyTob1I2TDCnDLLwAYFguTwvoSsmFFWBgNAIbJuRjWi5ANK0bQBoBhMJoN62nb+2QD\ny2fzgmjjHyftAwDMR2vt+Uu4nHthPRjJhhU37YRudBsAAPonZMMa2Op6bWEbAObLLb1gvQjZsEYs\njgYAAPMlZMMa2gjbm6/dNrINAPNhNBvWh5ANa840cgDYX86xsNqEbMDiaACwD6wuDutByAaSWBwN\nAPaTcyusLiEbOI3F0QBgfoxmw+oTsoGJJoXt8cXRhG4A2B2LoMFqE7KBLU1aiXyD5gAAAE4nZAMz\nc802APTDaDasLiEb2JGtViLXKAAAsO6EbGDHtptCLnADwPaMZsNqErKBPZkWthOj2wAwK+dLWB1C\nNtCL7cI2AHAmt/SC1SNkA70StAFgd5wrYTUcWHQBwOqZdH/t8Y/T9gOAddRaE7BhhRjJBubONdsA\nsDWLoMHqELKBfeGabQAA1oGQDewro9oAMJnRbFgNQjaw79z2CwC25lwIy8vCZ8DCjAftzc3E+GsL\npAGwjqrKORCWkJFsYBCMbgPA9Dt0AMtDyAYGxQJpAKw7QRuW27Yhu6peXFWfqKrPVNUjVfVL3fbb\nq+pLVfVg97i0215V9Z6qOl5VD1XVZfP+RwCrZ1rY3hjV1nAAq04Ptt42nwed92B5zHJN9jNJrmqt\nfaOqzk7yZ1X1x917/6m19qFN+785ySXd418meW/3EWDHXLcNrDE9GGmtPX++2/jonAfDtu1Idhv5\nRvfy7O6x1U/2kSTv7z7v40nOrarz914qsO5MJQfWiR6MDaaPw3KZ6Zrsqjqrqh5McjLJPa21+7u3\n3t1NR7qlqs7ptl2Q5PGxTz/Rbdv8NY9W1bGqOnbq1Kk9/BOAdWMqObAu9GBsELRhecwUsltrz7XW\nLk1yKMkVVfXdSW5O8tok35vkvCQ/1+0+6Sf+jG64tXZra+1wa+3wwYMHd1U8sN6sSA6sOj0Y4wRt\nWA47Wl28tfa1JB9LcnVr7cluOtIzSX47yRXdbieSXDj2aYeSPNFDrQATmUYOrDo9GBsEbRi+WVYX\nP1hV53bPvyXJ9yf5841rfGr0k31tkoe7T7krydu7FS6vTPJ0a+3JuVQPMGYjbE9qQIxsA8tGD8Y0\ngjYM2yyri5+f5I6qOiujUH5na+0jVXVfVR3MaGrSg0n+Xbf/3UmuSXI8yd8l+Yn+ywbY2kYDMm1F\nciuzAktAD8ZU46uOJ6Pzm3MbDMO2Ibu19lCS10/YftWU/VuSG/deGsDeCdvAstKDsZ3N5zhBG4Zh\nR9dkAyyrrVYkB4BV4bwGizfLdHGAlTEetMf/8j9tHwAYukkj2uPbgf1lJBtYW0a3AVglFkSDYRCy\ngbU3LWhrTgBYNoI2LJ6QDZCtR7U1KAAsE0EbFkvIBhgz7fo1DQoAALOw8BnAJtNGAMaDtsVkABiy\nzQt9WgwN9o+RbIBtbDWN3Ag3AEM36c4awPwI2QAzmHbNduK6bQCWi3MWzJeQDbAD24VtABgii6HB\n/nFNNsAuzHLd9qT9AGBRNs5Jm89ZzlXQLyPZAD0wlRyAZWFUG+ZLyAboieu2AVgWgjbMj5AN0DPX\nbQMArC8hG2BOpoVto9oADIHRbJgPC58BzNm0+5NacAaARdt8jnJugr0zkg2wjyaNbhs5AGBonJtg\n94RsgAUQtAEYGucm6IeQDbCNeTUZpuIBMDSCNuydkA2whXk3F9OuhQOARdl8aZPzE+yMkA0whYYC\ngHVmVBt2R8gGmGA/GwnTxgEAVoeQDQAATGQ0G3ZOyAbYZHMDYaQZgHU26RptYDohG2ALAjYAjExa\nDE3ghjMJ2QAAwEz88Rm2J2QDTKGRAIAzuU4btiZkAwAAOyJow3RCNsAU+9UwaEwAWEaTFkRzTgMh\nG2ChrGQOALBahGyALeznX+QFbACWkVt8welmDtlVdVZVfbqqPtK9vriq7q+qL1TVB6vqRd32c7rX\nx7v3L5pP6QDLbbwJEbCBafRgLAtBG0Z2MpL9ziSPjr3+lSS3tNYuSfLVJDd0229I8tXW2nckuaXb\nD2BpzHMxl0n3FRWwgW3owVgagjbMGLKr6lCSH0ryW93rSnJVkg91u9yR5Nru+ZHudbr331R+woAl\nM20xl70+Jn0fgGn0YCwji6Gx7mYdyf71JD+b5Jvd61ck+Vpr7dnu9YkkF3TPL0jyeJJ07z/d7Q+w\ndOYRgjcCvIANzEAPxlJyiy/W2YHtdqiqH05ysrX2QFW9cWPzhF3bDO+Nf92jSY52L79RVX+T5Mvb\nVrw4r8yw60vU2Jeh1zj0+hI1bmnGRuOfVtXR1tqt864HGKZ96sGeqaqH91rrnDmn9GPhNW5z/lt4\nfTNQYz+GXuM/3+sX2DZkJ3lDkh+pqmuSvDjJP87or6rnVtWB7i+lh5I80e1/IsmFSU5U1YEk35rk\nK5u/aNc4Pt88VtWx1trhvfxj5mno9SVq7MvQaxx6fYka+1JVxzL2exJYO3PvwZbld6Ea927oNQ69\nvkSNfRl6jV3/tSfbThdvrd3cWjvUWrsoyXVJ7mut/ViSjyZ5S7fb9Uk+3D2/q3ud7v37mjmRAAA7\nogcDWE57uU/2zyX56ao6ntH1Prd1229L8opu+08nuWlvJQIAMEYPBjBgs0wXf15r7WNJPtY9/2KS\nKybs8/dJ3rqLWoY+JXLo9SVq7MvQaxx6fYka+7IMNQL7YI492DL8nlFjP4Ze49DrS9TYl6HXuOf6\nyiwiAAAA6MdeposDAAAAYxYesqvq6qr6fFUdr6rBXDtUVY9V1Wer6sGNFeaq6ryquqeqvtB9fPk+\n1/S+qjo5fquNaTXVyHu64/pQVV22wBrfVVV/3R3LB7tVUjfeu7mr8fNV9YP7UN+FVfXRqnq0qh6p\nqnd22wdzHLeocUjH8cVV9Ymq+kxX4y912y+uqvu74/jBqnpRt/2c7vXx7v2LFlTf7VX1pbFjeGm3\nfSE/L933PquqPl1VH+leD+IYAqtPD7ajmgbdgw29/+q+56B7MP3X3Gtcrx6stbawR5Kzkvxlktck\neVGSzyR53SJrGqvtsSSv3LTtvya5qXt+U5Jf2eeavi/JZUke3q6mJNck+eOM7pl5ZZL7F1jju5L8\nxwn7vq77b35Okou7/xfOmnN95ye5rHv+siR/0dUxmOO4RY1DOo6V5KXd87OT3N8dnzuTXNdt/40k\n/757/h+S/Eb3/LokH1xQfbcnecuE/Rfy89J9759O8ntJPtK9HsQx9PDwWO1H9GA7rWnQPdiU+gbT\nN3Tfd9A92Bb1DeY4btHfDKZ32KLG27NGPdiiR7KvSHK8tfbF1to/JPlAkiMLrmkrR5Lc0T2/I8m1\n+/nNW2t/mjPvdzmtpiNJ3t9GPp7RPTXPX1CN0xxJ8oHW2jOttS8lOZ4JC7n0qbX2ZGvtU93zryd5\nNMkFGdBx3KLGaRZxHFtr7Rvdy7O7R0tyVZIPdds3H8eN4/uhJG+qqlpAfdMs5Oelqg4l+aEkv9W9\nrgzkGAIrTw+2A0PvwYbefyXD78H0X3OvcZqV7MEWHbIvSPL42OsT2fp/5v3UkvxJVT1QVUe7ba9u\nrT2ZjH4Qk7xqYdW9YFpNQzu27+imgLyvXpjitdAau6ker8/oL2yDPI6bakwGdBy7KTYPJjmZ5J6M\n/oL7tdbasxPqeL7G7v2nM7rtzL7V11rbOIbv7o7hLVV1zub6JtQ+T7+e5GeTfLN7/YoM6BgCK21o\nfcI4PVh/BtM3jBt6D6b/6rfGdezBFh2yJ/0FYCjLnb+htXZZkjcnubGqvm/RBe3QkI7te5N8e5JL\nkzyZ5Fe77QursapemuQPkvxUa+1vt9p1wrZF1Tio49hae661dmmSQxn95fY7t6hj32vcXF9VfXeS\nm5O8Nsn3Jjkvo3vNLqS+qvp/68ibAAACs0lEQVThJCdbaw+Mb96ijiH9TAPLb8i/U/Rg/RhU37Bh\n6D2Y/mvv9GCLD9knklw49vpQkicWVMtpWmtPdB9PJvmjjP4nfmpj+kL38eTiKnzetJoGc2xba091\nP2zfTPKbeWEqzUJqrKqzM/rl+buttT/sNg/qOE6qcWjHcUNr7WsZ3bv1yoym+ByYUMfzNXbvf2tm\nn9bWV31Xd1PBWmvtmSS/ncUewzck+ZGqeiyjaZpXZfRX1cEdQ2AlDaZP2EwP1o8h9g1D78H0X3Or\nce16sEWH7E8muaRbye1FGV1IfteCa0pVvaSqXrbxPMkPJHk4o9qu73a7PsmHF1PhaabVdFeSt3cr\n9l2Z5OmNqTj7bdN1FT+a0bFMRjVe163Yd3GSS5J8Ys61VJLbkjzaWvu1sbcGcxyn1Tiw43iwqs7t\nnn9Lku/P6NqljyZ5S7fb5uO4cXzfkuS+1trc/ko5pb4/HzuJV0bX2Ywfw33979xau7m1dqi1dlFG\nv/vua639WAZyDIGVpwfbu8H0DpMMqW/o6hl0D6b/mmuN69eDtX1avW3aI6MV5f4io+sJfmHR9XQ1\nvSaj1QI/k+SRjboymnt/b5IvdB/P2+e6fj+jaSr/L6O/qNwwraaMpjX89+64fjbJ4QXW+DtdDQ91\n/5OeP7b/L3Q1fj7Jm/ehvn+V0fSOh5I82D2uGdJx3KLGIR3Hf5Hk010tDyf5z93212R0gjme5H8l\nOafb/uLu9fHu/dcsqL77umP4cJL/mRdWv1zIz8tYvW/MCytbDuIYenh4rP4jerCd1DXoHmxKfYPp\nG7rvOegebIv6BnMct+hvBtM7bFHjWvVg1X0iAAAAsEeLni4OAAAAK0PIBgAAgJ4I2QAAANATIRsA\nAAB6ImQDAABAT4RsAAAA6ImQDQAAAD0RsgEAAKAn/x89+fCpt1fhzgAAAABJRU5ErkJggg==\n",
      "text/plain": [
       "<matplotlib.figure.Figure at 0x7f66942f5438>"
      ]
     },
     "metadata": {},
     "output_type": "display_data"
    }
   ],
   "source": [
    "sequence = 1\n",
    "\n",
    "keyframeids, frameids, poses = load('/data/urbinn/datasets/urb_trajectory_rotationfixed/keyframes_%02d_all_17_1.6_1.6.npy'%(sequence))\n",
    "\n",
    "print(poses[: 8])\n",
    "points = transform(poses[: 4])\n",
    "coords = plot_trajectory3(points)\n",
    "p = draw(coords, new_image())\n",
    "\n",
    "gt = load_csv('/data/urbinn/datasets/kitti/poses/%02d.txt'%(sequence))\n",
    "points = transform2(gt)\n",
    "coords = plot_trajectory3(points)\n",
    "show2(draw(coords, new_image()), p)"
   ]
  },
  {
   "cell_type": "markdown",
   "metadata": {},
   "source": [
    "Show the affine world coodinates for the first 3 poses"
   ]
  },
  {
   "cell_type": "code",
   "execution_count": 4,
   "metadata": {},
   "outputs": [
    {
     "data": {
      "text/plain": [
       "array([[  1.11022300e-16,   2.22044600e-16,  -2.22044600e-16,\n",
       "          1.00000000e+00],\n",
       "       [  5.15465600e-02,  -2.42488300e-02,   1.00072500e+00,\n",
       "          1.00000000e+00],\n",
       "       [  1.46463200e-01,  -5.05162200e-02,   1.99565900e+00,\n",
       "          1.00000000e+00]])"
      ]
     },
     "execution_count": 4,
     "metadata": {},
     "output_type": "execute_result"
    }
   ],
   "source": [
    "points[:3]"
   ]
  },
  {
   "cell_type": "markdown",
   "metadata": {},
   "source": [
    "show the converted x,y coordinates to plot the trajectory"
   ]
  },
  {
   "cell_type": "code",
   "execution_count": 5,
   "metadata": {},
   "outputs": [
    {
     "data": {
      "text/plain": [
       "[[0.0, 153.79385922266854],\n",
       " [0.011168696874392448, 153.57703012331396],\n",
       " [0.031734476249307773, 153.36145577158177]]"
      ]
     },
     "execution_count": 5,
     "metadata": {},
     "output_type": "execute_result"
    }
   ],
   "source": [
    "coords[:3]"
   ]
  },
  {
   "cell_type": "code",
   "execution_count": null,
   "metadata": {
    "collapsed": true
   },
   "outputs": [],
   "source": []
  }
 ],
 "metadata": {
  "kernelspec": {
   "display_name": "Python 3",
   "language": "python",
   "name": "python3"
  },
  "language_info": {
   "codemirror_mode": {
    "name": "ipython",
    "version": 3
   },
   "file_extension": ".py",
   "mimetype": "text/x-python",
   "name": "python",
   "nbconvert_exporter": "python",
   "pygments_lexer": "ipython3",
   "version": "3.6.1"
  }
 },
 "nbformat": 4,
 "nbformat_minor": 2
}
