{
 "cells": [
  {
   "cell_type": "markdown",
   "metadata": {},
   "source": [
    "# Match Kitti Sequence version 22-11\n",
    "\n",
    "Reads a sequence of stereo images as Frame. The Frames are scanned to identify FramePoints that are pixels that are at the top or botrom of vertical lines in the image. A patch is taken around each of the FramePoints in the left hand image, to match these to a patch in the right hand image and estimate the disparity/distance of the framePoint.\n",
    "\n",
    "A Sequence is created in which the first Frame is the KeyFrame. It's initial FramePoints are culled to keep only the points for which there is a confident estimate of its depth. The consecutive frames are used to track the KeyFrame's remaining FramePoints. Only a limited number of all framePoints will be found in the consecutive frames, mostly because nearby objects become larger quickly as we get closer. The matching FramePoints are given the same FramePointId as the corresponding point in the KeyFrame and its depth is estimated.\n",
    "\n",
    "The results are dumped into a folder 'dump', containing files 0.txt, 1.txt, etc. 0.txt contains the FramePoints as observed from the first frame, 1.txt form the second frame, etc. In these files, each row contains a single FramePoint with the values FramePointID, X, Y, Depth."
   ]
  },
  {
   "cell_type": "code",
   "execution_count": 1,
   "metadata": {
    "collapsed": true
   },
   "outputs": [],
   "source": [
    "# when you change a setting you have to restart the kernel (settings are only loaded once)\n",
    "import os\n",
    "#os.environ['STEREO_CONFIDENCE'] = '1.6'\n",
    "#os.environ['SEQUENCE_CONFIDENCE'] = '1.6'\n",
    "#os.environ['PATCH_SIZE'] = '17'\n",
    "\n",
    "import sys\n",
    "sys.path.append('..')\n",
    "from src.zed import *\n",
    "%matplotlib inline\n",
    "import numpy as np\n",
    "import glob"
   ]
  },
  {
   "cell_type": "markdown",
   "metadata": {},
   "source": [
    "Read the frames for KITTI sequence 00."
   ]
  },
  {
   "cell_type": "code",
   "execution_count": 26,
   "metadata": {},
   "outputs": [
    {
     "name": "stdout",
     "output_type": "stream",
     "text": [
      "CPU times: user 1.33 s, sys: 116 ms, total: 1.45 s\n",
      "Wall time: 1.44 s\n"
     ]
    }
   ],
   "source": [
    "%%time\n",
    "LEFTDIR = '/data/urbinn/datasets/opnames_delft_15122017/route_03/03_route_03_opname_02_export/left'\n",
    "RIGHTDIR = '/data/urbinn/datasets/opnames_delft_15122017/route_03/03_route_03_opname_02_export/right'\n",
    "\n",
    "frame = []\n",
    "for filename in sorted(glob.glob(LEFTDIR + '/*')):\n",
    "    left_frame = Frame(filename, RIGHTDIR)\n",
    "    frame.append(left_frame)"
   ]
  },
  {
   "cell_type": "code",
   "execution_count": 27,
   "metadata": {},
   "outputs": [
    {
     "data": {
      "text/plain": [
       "'/data/urbinn/datasets/opnames_delft_15122017/route_03/03_route_03_opname_02_export/right/000002.png'"
      ]
     },
     "execution_count": 27,
     "metadata": {},
     "output_type": "execute_result"
    }
   ],
   "source": [
    "frame[0]._filepath\n",
    "frame[1].get_right_frame()._filepath"
   ]
  },
  {
   "cell_type": "markdown",
   "metadata": {},
   "source": [
    "Turn the list of frames into a sequence. The first frame is automatically taken as the KeyFrame and its FramePoints are rerieved, depth is estimated, only the most confident points are kept, and they are tracked in the other frames."
   ]
  },
  {
   "cell_type": "code",
   "execution_count": 28,
   "metadata": {},
   "outputs": [
    {
     "name": "stderr",
     "output_type": "stream",
     "text": [
      "\r",
      "                                                                               \r",
      "\r",
      "N/A% (0 of 175) |                        | Elapsed Time: 0:00:00 ETA:  --:--:--"
     ]
    },
    {
     "name": "stdout",
     "output_type": "stream",
     "text": [
      "/data/urbinn/datasets/opnames_delft_15122017/route_03/03_route_03_opname_02_export/left/000001.png\n"
     ]
    },
    {
     "name": "stderr",
     "output_type": "stream",
     "text": [
      "\r",
      "                                                                               \r",
      "\r",
      "  0% (1 of 175) |                         | Elapsed Time: 0:00:06 ETA:  0:17:45"
     ]
    },
    {
     "name": "stdout",
     "output_type": "stream",
     "text": [
      "/data/urbinn/datasets/opnames_delft_15122017/route_03/03_route_03_opname_02_export/left/000121.png\n"
     ]
    },
    {
     "name": "stderr",
     "output_type": "stream",
     "text": [
      "\r",
      "                                                                               \r",
      "\r",
      "  1% (2 of 175) |                         | Elapsed Time: 0:00:08 ETA:  0:12:07"
     ]
    },
    {
     "name": "stdout",
     "output_type": "stream",
     "text": [
      "/data/urbinn/datasets/opnames_delft_15122017/route_03/03_route_03_opname_02_export/left/000241.png\n"
     ]
    },
    {
     "name": "stderr",
     "output_type": "stream",
     "text": [
      "\r",
      "                                                                               \r",
      "\r",
      "  1% (3 of 175) |                         | Elapsed Time: 0:00:17 ETA:  0:16:46"
     ]
    },
    {
     "name": "stdout",
     "output_type": "stream",
     "text": [
      "WARNING: invalid pose estimation\n",
      "42929 43049 26 1.79174628929 0.24794385675 [[ 0.96616705  0.07102871  0.24794386 -0.65249148]\n",
      " [-0.15502224  0.9282302   0.33816682 -0.10888976]\n",
      " [-0.20612943 -0.36516244  0.90783647  1.79174629]\n",
      " [ 0.          0.          0.          1.        ]]\n",
      "/data/urbinn/datasets/opnames_delft_15122017/route_03/03_route_03_opname_02_export/left/000361.png\n"
     ]
    },
    {
     "name": "stderr",
     "output_type": "stream",
     "text": [
      "\r",
      "                                                                               \r",
      "\r",
      "  2% (4 of 175) |                         | Elapsed Time: 0:00:25 ETA:  0:17:50"
     ]
    },
    {
     "name": "stdout",
     "output_type": "stream",
     "text": [
      "WARNING: invalid pose estimation\n",
      "43049 43169 64 1.05581180992 0.232896680368 [[ 0.97081899  0.05718071  0.23289668 -2.29750097]\n",
      " [-0.09224051  0.98548085  0.14254537  1.45504608]\n",
      " [-0.22136437 -0.15986826  0.9619979   1.05581181]\n",
      " [ 0.          0.          0.          1.        ]]\n",
      "/data/urbinn/datasets/opnames_delft_15122017/route_03/03_route_03_opname_02_export/left/000481.png\n"
     ]
    },
    {
     "name": "stderr",
     "output_type": "stream",
     "text": [
      "\r",
      "                                                                               \r",
      "\r",
      "  2% (5 of 175) |                         | Elapsed Time: 0:00:31 ETA:  0:18:00"
     ]
    },
    {
     "name": "stdout",
     "output_type": "stream",
     "text": [
      "WARNING: invalid pose estimation\n",
      "43169 43289 32 0.928844408713 0.287759128576 [[ 0.8826225   0.37171523  0.28775913 -0.10011279]\n",
      " [-0.42125138  0.89710463  0.13323121 -0.10713088]\n",
      " [-0.20862598 -0.23881179  0.94839028  0.92884441]\n",
      " [ 0.          0.          0.          1.        ]]\n",
      "/data/urbinn/datasets/opnames_delft_15122017/route_03/03_route_03_opname_02_export/left/000601.png\n"
     ]
    },
    {
     "name": "stderr",
     "output_type": "stream",
     "text": [
      "\r",
      "                                                                               \r",
      "\r",
      "  3% (6 of 175) |                         | Elapsed Time: 0:00:37 ETA:  0:17:29"
     ]
    },
    {
     "name": "stdout",
     "output_type": "stream",
     "text": [
      "WARNING: invalid pose estimation\n",
      "43289 43409 8 0.000309721609558 0.106342543288 [[  9.91496383e-01   7.50079101e-02   1.06342543e-01   6.55600762e-04]\n",
      " [ -9.43428066e-02   9.77167147e-01   1.90378049e-01   1.56952836e-03]\n",
      " [ -8.96345800e-02  -1.98791801e-01   9.75934148e-01   3.09721610e-04]\n",
      " [  0.00000000e+00   0.00000000e+00   0.00000000e+00   1.00000000e+00]]\n",
      "/data/urbinn/datasets/opnames_delft_15122017/route_03/03_route_03_opname_02_export/left/000721.png\n"
     ]
    },
    {
     "name": "stderr",
     "output_type": "stream",
     "text": [
      "\r",
      "                                                                               \r",
      "\r",
      "  4% (7 of 175) |#                        | Elapsed Time: 0:00:44 ETA:  0:17:52"
     ]
    },
    {
     "name": "stdout",
     "output_type": "stream",
     "text": [
      "WARNING: invalid pose estimation\n",
      "43409 43529 46 1.56734503625 0.0353968275886 [[ 0.87841235 -0.47659083 -0.03539683  1.07534049]\n",
      " [ 0.47742719  0.87182053  0.10950909  2.90385542]\n",
      " [-0.02133135 -0.11309355  0.99335534  1.56734504]\n",
      " [ 0.          0.          0.          1.        ]]\n",
      "/data/urbinn/datasets/opnames_delft_15122017/route_03/03_route_03_opname_02_export/left/000841.png\n"
     ]
    },
    {
     "name": "stderr",
     "output_type": "stream",
     "text": [
      "\r",
      "                                                                               \r",
      "\r",
      "  4% (8 of 175) |#                        | Elapsed Time: 0:00:50 ETA:  0:17:32"
     ]
    },
    {
     "name": "stdout",
     "output_type": "stream",
     "text": [
      "WARNING: invalid pose estimation\n",
      "43529 43649 8 -0.898638208323 0.789708813764 [[ 0.59101243 -0.1645123  -0.78970881  6.90683659]\n",
      " [ 0.25529548  0.96680774 -0.01034428  3.83686806]\n",
      " [ 0.76519836 -0.19549549  0.61339464 -0.89863821]\n",
      " [ 0.          0.          0.          1.        ]]\n",
      "/data/urbinn/datasets/opnames_delft_15122017/route_03/03_route_03_opname_02_export/left/000961.png\n"
     ]
    },
    {
     "name": "stderr",
     "output_type": "stream",
     "text": [
      "\r",
      "                                                                               \r",
      "\r",
      "  5% (9 of 175) |#                        | Elapsed Time: 0:00:55 ETA:  0:16:56"
     ]
    },
    {
     "name": "stdout",
     "output_type": "stream",
     "text": [
      "WARNING: invalid pose estimation\n",
      "43649 43769 4 9.38541067918 0.34334727022 [[ -0.78525106   0.51526054   0.34334727  -5.38010519]\n",
      " [ -0.25434277  -0.77400357   0.5798519  -10.88485381]\n",
      " [  0.56452682   0.36800142   0.73883992   9.38541068]\n",
      " [  0.           0.           0.           1.        ]]\n",
      "/data/urbinn/datasets/opnames_delft_15122017/route_03/03_route_03_opname_02_export/left/001081.png\n"
     ]
    },
    {
     "name": "stderr",
     "output_type": "stream",
     "text": [
      "\r",
      "                                                                               \r",
      "\r",
      "  5% (10 of 175) |#                       | Elapsed Time: 0:01:03 ETA:  0:17:38"
     ]
    },
    {
     "name": "stdout",
     "output_type": "stream",
     "text": [
      "WARNING: invalid pose estimation\n",
      "43769 43889 57 0.00224768199959 0.145038758046 [[ 0.96764423 -0.20646645 -0.14503876 -0.02211004]\n",
      " [ 0.24181111  0.92298273  0.29938314  0.06820813]\n",
      " [ 0.0720557  -0.32476835  0.9430448   0.00224768]\n",
      " [ 0.          0.          0.          1.        ]]\n",
      "/data/urbinn/datasets/opnames_delft_15122017/route_03/03_route_03_opname_02_export/left/001201.png\n"
     ]
    },
    {
     "name": "stderr",
     "output_type": "stream",
     "text": [
      "\r",
      "                                                                               \r",
      "\r",
      "  6% (11 of 175) |#                       | Elapsed Time: 0:01:15 ETA:  0:20:20"
     ]
    },
    {
     "name": "stdout",
     "output_type": "stream",
     "text": [
      "WARNING: invalid pose estimation\n",
      "43889 44009 23 5.33867737664 0.300119116945 [[ 0.7887557   0.53646338  0.30011912  0.98994032]\n",
      " [-0.6138677   0.71292013  0.33898575 -2.55563654]\n",
      " [-0.03210752 -0.45161038  0.89163736  5.33867738]\n",
      " [ 0.          0.          0.          1.        ]]\n",
      "/data/urbinn/datasets/opnames_delft_15122017/route_03/03_route_03_opname_02_export/left/001321.png\n"
     ]
    },
    {
     "name": "stderr",
     "output_type": "stream",
     "text": [
      "\r",
      "                                                                               \r",
      "\r",
      "  6% (12 of 175) |#                       | Elapsed Time: 0:01:27 ETA:  0:21:08"
     ]
    },
    {
     "name": "stdout",
     "output_type": "stream",
     "text": [
      "WARNING: invalid pose estimation\n",
      "44009 44129 36 -1.51684644293 0.0912932164107 [[ 0.99544247 -0.02756509  0.09129322  0.67826886]\n",
      " [ 0.00534777  0.97194256  0.23515752 -0.3268185 ]\n",
      " [-0.0952139  -0.23359757  0.96766032 -1.51684644]\n",
      " [ 0.          0.          0.          1.        ]]\n",
      "/data/urbinn/datasets/opnames_delft_15122017/route_03/03_route_03_opname_02_export/left/001441.png\n"
     ]
    },
    {
     "name": "stderr",
     "output_type": "stream",
     "text": [
      "\r",
      "                                                                               \r",
      "\r",
      "  7% (13 of 175) |#                       | Elapsed Time: 0:01:39 ETA:  0:22:17"
     ]
    },
    {
     "name": "stdout",
     "output_type": "stream",
     "text": [
      "WARNING: invalid pose estimation\n",
      "44129 44249 20 -0.00317165337156 0.301325078908 [[ 0.95351912  0.00211738 -0.30132508 -0.03388921]\n",
      " [ 0.18388006  0.78812151  0.58741179  0.0744187 ]\n",
      " [ 0.23872455 -0.61551605  0.75109958 -0.00317165]\n",
      " [ 0.          0.          0.          1.        ]]\n",
      "/data/urbinn/datasets/opnames_delft_15122017/route_03/03_route_03_opname_02_export/left/001561.png\n"
     ]
    },
    {
     "name": "stderr",
     "output_type": "stream",
     "text": [
      "\r",
      "                                                                               \r",
      "\r",
      "  8% (14 of 175) |#                       | Elapsed Time: 0:01:49 ETA:  0:23:13"
     ]
    },
    {
     "name": "stdout",
     "output_type": "stream",
     "text": [
      "WARNING: invalid pose estimation\n",
      "44249 44369 39 1.35684786827 0.181116303115 [[ 0.87677487 -0.44549155  0.1811163  -1.28449436]\n",
      " [ 0.41832506  0.89230274  0.16970552  1.06336522]\n",
      " [-0.23721295 -0.07302804  0.96870889  1.35684787]\n",
      " [ 0.          0.          0.          1.        ]]\n",
      "/data/urbinn/datasets/opnames_delft_15122017/route_03/03_route_03_opname_02_export/left/001681.png\n"
     ]
    },
    {
     "name": "stderr",
     "output_type": "stream",
     "text": [
      "\r",
      "                                                                               \r",
      "\r",
      "  8% (15 of 175) |##                      | Elapsed Time: 0:01:59 ETA:  0:24:21"
     ]
    },
    {
     "name": "stdout",
     "output_type": "stream",
     "text": [
      "WARNING: invalid pose estimation\n",
      "44369 44489 31 0.000318868678721 0.119299121081 [[  9.92508637e-01   2.63500335e-02   1.19299121e-01   3.95961031e-05]\n",
      " [ -5.09994491e-02   9.76677367e-01   2.08567441e-01   1.65070840e-04]\n",
      " [ -1.11020992e-01  -2.13089176e-01   9.70704560e-01   3.18868679e-04]\n",
      " [  0.00000000e+00   0.00000000e+00   0.00000000e+00   1.00000000e+00]]\n",
      "/data/urbinn/datasets/opnames_delft_15122017/route_03/03_route_03_opname_02_export/left/001801.png\n"
     ]
    },
    {
     "name": "stderr",
     "output_type": "stream",
     "text": [
      "\r",
      "                                                                               \r",
      "\r",
      "  9% (16 of 175) |##                      | Elapsed Time: 0:02:09 ETA:  0:24:52"
     ]
    },
    {
     "name": "stdout",
     "output_type": "stream",
     "text": [
      "WARNING: invalid pose estimation\n",
      "44489 44609 16 0.56675051581 0.060903401264 [[ 0.97459738 -0.21552429  0.0609034   0.36642217]\n",
      " [ 0.18951869  0.9385307   0.28851826 -0.40455159]\n",
      " [-0.11934241 -0.26964681  0.95553545  0.56675052]\n",
      " [ 0.          0.          0.          1.        ]]\n",
      "/data/urbinn/datasets/opnames_delft_15122017/route_03/03_route_03_opname_02_export/left/001921.png\n"
     ]
    },
    {
     "name": "stderr",
     "output_type": "stream",
     "text": [
      "\r",
      "                                                                               \r",
      "\r",
      "  9% (17 of 175) |##                      | Elapsed Time: 0:02:18 ETA:  0:25:49"
     ]
    },
    {
     "name": "stdout",
     "output_type": "stream",
     "text": [
      "WARNING: invalid pose estimation\n",
      "44609 44729 13 7.12940411717 0.0898097066713 [[ 0.65595517 -0.74943781  0.08980971 -2.08136108]\n",
      " [ 0.72460085  0.65855698  0.20311651  2.79160612]\n",
      " [-0.211368   -0.06815913  0.97502713  7.12940412]\n",
      " [ 0.          0.          0.          1.        ]]\n",
      "/data/urbinn/datasets/opnames_delft_15122017/route_03/03_route_03_opname_02_export/left/002041.png\n"
     ]
    },
    {
     "name": "stderr",
     "output_type": "stream",
     "text": [
      "\r",
      "                                                                               \r",
      "\r",
      " 10% (18 of 175) |##                      | Elapsed Time: 0:02:28 ETA:  0:27:07"
     ]
    },
    {
     "name": "stdout",
     "output_type": "stream",
     "text": [
      "WARNING: invalid pose estimation\n",
      "44729 44849 34 19.9491235408 0.134605203255 [[  0.98612639  -0.09714003   0.1346052    0.56153486]\n",
      " [  0.08111922   0.98947973   0.11978951  13.25766052]\n",
      " [ -0.14482548  -0.10720853   0.983632    19.94912354]\n",
      " [  0.           0.           0.           1.        ]]\n",
      "/data/urbinn/datasets/opnames_delft_15122017/route_03/03_route_03_opname_02_export/left/002161.png\n"
     ]
    },
    {
     "name": "stderr",
     "output_type": "stream",
     "text": [
      "\r",
      "                                                                               \r",
      "\r",
      " 10% (19 of 175) |##                      | Elapsed Time: 0:02:37 ETA:  0:27:02"
     ]
    },
    {
     "name": "stdout",
     "output_type": "stream",
     "text": [
      "WARNING: invalid pose estimation\n",
      "44849 44969 34 0.0101248497278 0.0512652290515 [[ 0.98763213  0.14817103  0.05126523  0.01063494]\n",
      " [-0.15633893  0.95542332  0.25044844  0.13403484]\n",
      " [-0.01187079 -0.25536567  0.96677167  0.01012485]\n",
      " [ 0.          0.          0.          1.        ]]\n",
      "/data/urbinn/datasets/opnames_delft_15122017/route_03/03_route_03_opname_02_export/left/002281.png\n"
     ]
    },
    {
     "name": "stderr",
     "output_type": "stream",
     "text": [
      "\r",
      "                                                                               \r",
      "\r",
      " 11% (20 of 175) |##                      | Elapsed Time: 0:02:47 ETA:  0:26:24"
     ]
    },
    {
     "name": "stdout",
     "output_type": "stream",
     "text": [
      "WARNING: invalid pose estimation\n",
      "44969 45089 35 0.536725756512 0.250035217839 [[ 0.95489159  0.16020125  0.25003522  0.62687329]\n",
      " [-0.22901537  0.93328346  0.27664771  0.0431022 ]\n",
      " [-0.18903442 -0.32143048  0.92787307  0.53672576]\n",
      " [ 0.          0.          0.          1.        ]]\n",
      "/data/urbinn/datasets/opnames_delft_15122017/route_03/03_route_03_opname_02_export/left/002401.png\n"
     ]
    },
    {
     "name": "stderr",
     "output_type": "stream",
     "text": [
      "\r",
      "                                                                               \r",
      "\r",
      " 12% (21 of 175) |##                      | Elapsed Time: 0:02:56 ETA:  0:25:21"
     ]
    },
    {
     "name": "stdout",
     "output_type": "stream",
     "text": [
      "WARNING: invalid pose estimation\n",
      "45089 45209 39 0.479155085791 0.103474585579 [[  9.94261004e-01  -2.71673648e-02   1.03474586e-01  -1.63348134e-01]\n",
      " [  2.55394581e-04   9.67818830e-01   2.51647863e-01  -4.88737599e-01]\n",
      " [ -1.06981262e-01  -2.50177230e-01   9.62271460e-01   4.79155086e-01]\n",
      " [  0.00000000e+00   0.00000000e+00   0.00000000e+00   1.00000000e+00]]\n",
      "/data/urbinn/datasets/opnames_delft_15122017/route_03/03_route_03_opname_02_export/left/002521.png\n"
     ]
    },
    {
     "name": "stderr",
     "output_type": "stream",
     "text": [
      "\r",
      "                                                                               \r",
      "\r",
      " 12% (22 of 175) |###                     | Elapsed Time: 0:03:05 ETA:  0:24:32"
     ]
    },
    {
     "name": "stdout",
     "output_type": "stream",
     "text": [
      "WARNING: invalid pose estimation\n",
      "45209 45329 42 -0.814778076234 0.106415112579 [[ 0.99282247  0.05458351  0.10641511  0.22658597]\n",
      " [-0.07479788  0.97767392  0.19636441 -0.49394489]\n",
      " [-0.09332102 -0.20291463  0.97473937 -0.81477808]\n",
      " [ 0.          0.          0.          1.        ]]\n",
      "/data/urbinn/datasets/opnames_delft_15122017/route_03/03_route_03_opname_02_export/left/002641.png\n"
     ]
    },
    {
     "name": "stderr",
     "output_type": "stream",
     "text": [
      "\r",
      "                                                                               \r",
      "\r",
      " 13% (23 of 175) |###                     | Elapsed Time: 0:03:16 ETA:  0:24:22"
     ]
    },
    {
     "name": "stdout",
     "output_type": "stream",
     "text": [
      "WARNING: invalid pose estimation\n",
      "45329 45449 20 2.76956082264 0.206154840288 [[ 0.91205969 -0.35446764  0.20615484 -2.14931766]\n",
      " [ 0.29205391  0.91443303  0.28020841 -1.03875795]\n",
      " [-0.28783961 -0.19535847  0.93754116  2.76956082]\n",
      " [ 0.          0.          0.          1.        ]]\n",
      "/data/urbinn/datasets/opnames_delft_15122017/route_03/03_route_03_opname_02_export/left/002761.png\n"
     ]
    },
    {
     "name": "stderr",
     "output_type": "stream",
     "text": [
      "\r",
      "                                                                               \r",
      "\r",
      " 13% (24 of 175) |###                     | Elapsed Time: 0:03:25 ETA:  0:24:07"
     ]
    },
    {
     "name": "stdout",
     "output_type": "stream",
     "text": [
      "WARNING: invalid pose estimation\n",
      "45449 45569 28 3.50504481625 0.0202094723924 [[ 0.9967238   0.07831506  0.02020947  1.67177142]\n",
      " [-0.08057106  0.98325358  0.16346469  3.03369756]\n",
      " [-0.00706929 -0.16455745  0.98634217  3.50504482]\n",
      " [ 0.          0.          0.          1.        ]]\n",
      "/data/urbinn/datasets/opnames_delft_15122017/route_03/03_route_03_opname_02_export/left/002881.png\n"
     ]
    },
    {
     "name": "stderr",
     "output_type": "stream",
     "text": [
      "\r",
      "                                                                               \r",
      "\r",
      " 14% (25 of 175) |###                     | Elapsed Time: 0:03:34 ETA:  0:23:44"
     ]
    },
    {
     "name": "stdout",
     "output_type": "stream",
     "text": [
      "WARNING: invalid pose estimation\n",
      "45569 45689 61 2.0991928042 0.0539083304458 [[ 0.9903117   0.12797117  0.05390833  0.10845505]\n",
      " [-0.13565431  0.97452034  0.17862814  1.23199034]\n",
      " [-0.02967551 -0.18421043  0.98243874  2.0991928 ]\n",
      " [ 0.          0.          0.          1.        ]]\n",
      "/data/urbinn/datasets/opnames_delft_15122017/route_03/03_route_03_opname_02_export/left/003001.png\n"
     ]
    },
    {
     "name": "stderr",
     "output_type": "stream",
     "text": [
      "\r",
      "                                                                               \r",
      "\r",
      " 14% (26 of 175) |###                     | Elapsed Time: 0:03:43 ETA:  0:23:29"
     ]
    },
    {
     "name": "stdout",
     "output_type": "stream",
     "text": [
      "WARNING: invalid pose estimation\n",
      "45689 45809 26 0.644107698688 0.0158027402506 [[ 0.99881528  0.04602519  0.01580274 -0.13351502]\n",
      " [-0.04783625  0.98823147  0.14529366  0.04928758]\n",
      " [-0.0089296  -0.14587747  0.98926236  0.6441077 ]\n",
      " [ 0.          0.          0.          1.        ]]\n",
      "/data/urbinn/datasets/opnames_delft_15122017/route_03/03_route_03_opname_02_export/left/003121.png\n"
     ]
    },
    {
     "name": "stderr",
     "output_type": "stream",
     "text": [
      "\r",
      "                                                                               \r",
      "\r",
      " 15% (27 of 175) |###                     | Elapsed Time: 0:03:53 ETA:  0:23:25"
     ]
    },
    {
     "name": "stdout",
     "output_type": "stream",
     "text": [
      "WARNING: invalid pose estimation\n",
      "45809 45929 64 2.5300929773 0.266243271746 [[ 0.92764054 -0.26191132  0.26624327 -3.25620244]\n",
      " [ 0.24068219  0.9643425   0.11007099  2.32238576]\n",
      " [-0.28557854 -0.0380263   0.95760059  2.53009298]\n",
      " [ 0.          0.          0.          1.        ]]\n",
      "/data/urbinn/datasets/opnames_delft_15122017/route_03/03_route_03_opname_02_export/left/003241.png\n"
     ]
    },
    {
     "name": "stderr",
     "output_type": "stream",
     "text": [
      "\r",
      "                                                                               \r",
      "\r",
      " 16% (28 of 175) |###                     | Elapsed Time: 0:04:03 ETA:  0:23:30"
     ]
    },
    {
     "name": "stdout",
     "output_type": "stream",
     "text": [
      "WARNING: invalid pose estimation\n",
      "45929 46049 39 0.355849906326 0.133773009373 [[ 0.97839215  0.15765022  0.13377301  0.33666532]\n",
      " [-0.19526168  0.91726948  0.34711609 -0.54538109]\n",
      " [-0.06798297 -0.36573639  0.9282323   0.35584991]\n",
      " [ 0.          0.          0.          1.        ]]\n",
      "/data/urbinn/datasets/opnames_delft_15122017/route_03/03_route_03_opname_02_export/left/003361.png\n"
     ]
    },
    {
     "name": "stderr",
     "output_type": "stream",
     "text": [
      "\r",
      "                                                                               \r",
      "\r",
      " 16% (29 of 175) |###                     | Elapsed Time: 0:04:14 ETA:  0:23:29"
     ]
    },
    {
     "name": "stdout",
     "output_type": "stream",
     "text": [
      "WARNING: invalid pose estimation\n",
      "46049 46169 29 10.9732291374 0.00638041102444 [[  9.85163789e-01   1.71498103e-01  -6.38041102e-03   5.89757020e+00]\n",
      " [ -1.64869939e-01   9.56101455e-01   2.42255880e-01   3.38219819e+00]\n",
      " [  4.76467443e-02  -2.37609783e-01   9.70191413e-01   1.09732291e+01]\n",
      " [  0.00000000e+00   0.00000000e+00   0.00000000e+00   1.00000000e+00]]\n",
      "/data/urbinn/datasets/opnames_delft_15122017/route_03/03_route_03_opname_02_export/left/003481.png\n"
     ]
    },
    {
     "name": "stderr",
     "output_type": "stream",
     "text": [
      "\r",
      "                                                                               \r",
      "\r",
      " 17% (30 of 175) |####                    | Elapsed Time: 0:04:23 ETA:  0:23:23"
     ]
    },
    {
     "name": "stdout",
     "output_type": "stream",
     "text": [
      "WARNING: invalid pose estimation\n",
      "46169 46289 39 -1.95542000722 0.10075882891 [[ 0.99472517 -0.01922213  0.10075883 -0.15831751]\n",
      " [-0.00264609  0.97714936  0.21253737 -0.09625069]\n",
      " [-0.10254185 -0.21168288  0.9719442  -1.95542001]\n",
      " [ 0.          0.          0.          1.        ]]\n",
      "/data/urbinn/datasets/opnames_delft_15122017/route_03/03_route_03_opname_02_export/left/003601.png\n"
     ]
    },
    {
     "name": "stderr",
     "output_type": "stream",
     "text": [
      "\r",
      "                                                                               \r",
      "\r",
      " 17% (31 of 175) |####                    | Elapsed Time: 0:04:30 ETA:  0:22:26"
     ]
    },
    {
     "name": "stdout",
     "output_type": "stream",
     "text": [
      "WARNING: invalid pose estimation\n",
      "46289 46409 43 -4.19788681041 0.0712001818859 [[ 0.99537882  0.06443245  0.07120018  0.43838171]\n",
      " [-0.07860379  0.9726183   0.21871236 -0.32618601]\n",
      " [-0.05515843 -0.22329825  0.97318829 -4.19788681]\n",
      " [ 0.          0.          0.          1.        ]]\n",
      "/data/urbinn/datasets/opnames_delft_15122017/route_03/03_route_03_opname_02_export/left/003721.png\n"
     ]
    },
    {
     "name": "stderr",
     "output_type": "stream",
     "text": [
      "\r",
      "                                                                               \r",
      "\r",
      " 18% (32 of 175) |####                    | Elapsed Time: 0:04:36 ETA:  0:21:17"
     ]
    },
    {
     "name": "stdout",
     "output_type": "stream",
     "text": [
      "WARNING: invalid pose estimation\n",
      "46409 46529 38 1.96311320629 0.254956384302 [[ 0.96567135  0.04976025  0.25495638  0.20612611]\n",
      " [-0.10525642  0.97225342  0.20891235  0.35117576]\n",
      " [-0.23748669 -0.22857647  0.94411486  1.96311321]\n",
      " [ 0.          0.          0.          1.        ]]\n",
      "/data/urbinn/datasets/opnames_delft_15122017/route_03/03_route_03_opname_02_export/left/003841.png\n"
     ]
    },
    {
     "name": "stderr",
     "output_type": "stream",
     "text": [
      "\r",
      "                                                                               \r",
      "\r",
      " 18% (33 of 175) |####                    | Elapsed Time: 0:04:44 ETA:  0:20:47"
     ]
    },
    {
     "name": "stdout",
     "output_type": "stream",
     "text": [
      "WARNING: invalid pose estimation\n",
      "46529 46649 7 1.96311320629 0.254956384302 [[ 0.96567135  0.04976025  0.25495638  0.20612611]\n",
      " [-0.10525642  0.97225342  0.20891235  0.35117576]\n",
      " [-0.23748669 -0.22857647  0.94411486  1.96311321]\n",
      " [ 0.          0.          0.          1.        ]]\n",
      "/data/urbinn/datasets/opnames_delft_15122017/route_03/03_route_03_opname_02_export/left/003961.png\n"
     ]
    },
    {
     "name": "stderr",
     "output_type": "stream",
     "text": [
      "\r",
      "                                                                               \r",
      "\r",
      " 19% (34 of 175) |####                    | Elapsed Time: 0:04:53 ETA:  0:20:38"
     ]
    },
    {
     "name": "stdout",
     "output_type": "stream",
     "text": [
      "WARNING: invalid pose estimation\n",
      "46649 46769 9 12.9320780832 0.627384947745 [[  0.66187785   0.41025094   0.62738495   0.70887103]\n",
      " [ -0.51784879   0.85537317  -0.01301435   4.61757835]\n",
      " [ -0.5419874   -0.31627663   0.77860051  12.93207808]\n",
      " [  0.           0.           0.           1.        ]]\n",
      "/data/urbinn/datasets/opnames_delft_15122017/route_03/03_route_03_opname_02_export/left/004081.png\n"
     ]
    },
    {
     "name": "stderr",
     "output_type": "stream",
     "text": [
      "\r",
      "                                                                               \r",
      "\r",
      " 20% (35 of 175) |####                    | Elapsed Time: 0:05:00 ETA:  0:19:58"
     ]
    },
    {
     "name": "stdout",
     "output_type": "stream",
     "text": [
      "WARNING: invalid pose estimation\n",
      "46769 46889 2 12.9320780832 0.627384947745 [[  0.66187785   0.41025094   0.62738495   0.70887103]\n",
      " [ -0.51784879   0.85537317  -0.01301435   4.61757835]\n",
      " [ -0.5419874   -0.31627663   0.77860051  12.93207808]\n",
      " [  0.           0.           0.           1.        ]]\n",
      "/data/urbinn/datasets/opnames_delft_15122017/route_03/03_route_03_opname_02_export/left/004201.png\n"
     ]
    },
    {
     "name": "stderr",
     "output_type": "stream",
     "text": [
      "\r",
      "                                                                               \r",
      "\r",
      " 20% (36 of 175) |####                    | Elapsed Time: 0:05:07 ETA:  0:18:56"
     ]
    },
    {
     "name": "stdout",
     "output_type": "stream",
     "text": [
      "WARNING: invalid pose estimation\n",
      "46889 47009 23 -4.20876993192 0.0588863634345 [[  9.78920524e-01   1.95568415e-01   5.88863634e-02   2.13001924e+00]\n",
      " [ -2.04223179e-01   9.33399913e-01   2.95055071e-01  -4.79973893e+00]\n",
      " [  2.73892603e-03  -3.00861425e-01   9.53663935e-01  -4.20876993e+00]\n",
      " [  0.00000000e+00   0.00000000e+00   0.00000000e+00   1.00000000e+00]]\n",
      "/data/urbinn/datasets/opnames_delft_15122017/route_03/03_route_03_opname_02_export/left/004321.png\n"
     ]
    },
    {
     "name": "stderr",
     "output_type": "stream",
     "text": [
      "\r",
      "                                                                               \r",
      "\r",
      " 21% (37 of 175) |#####                   | Elapsed Time: 0:05:12 ETA:  0:17:30"
     ]
    },
    {
     "name": "stdout",
     "output_type": "stream",
     "text": [
      "/data/urbinn/datasets/opnames_delft_15122017/route_03/03_route_03_opname_02_export/left/004441.png\n"
     ]
    },
    {
     "name": "stderr",
     "output_type": "stream",
     "text": [
      "\r",
      "                                                                               \r",
      "\r",
      " 21% (38 of 175) |#####                   | Elapsed Time: 0:05:13 ETA:  0:14:55"
     ]
    },
    {
     "name": "stdout",
     "output_type": "stream",
     "text": [
      "/data/urbinn/datasets/opnames_delft_15122017/route_03/03_route_03_opname_02_export/left/004561.png\n"
     ]
    },
    {
     "name": "stderr",
     "output_type": "stream",
     "text": [
      "\r",
      "                                                                               \r",
      "\r",
      " 22% (39 of 175) |#####                   | Elapsed Time: 0:05:17 ETA:  0:13:32"
     ]
    },
    {
     "name": "stdout",
     "output_type": "stream",
     "text": [
      "WARNING: invalid pose estimation\n",
      "47249 47369 42 0.103162065749 0.36634549035 [[ 0.92974072  0.0370565   0.36634549  0.08968106]\n",
      " [-0.13326355  0.96134097  0.24096549 -0.22093032]\n",
      " [-0.34325359 -0.27285593  0.89873612  0.10316207]\n",
      " [ 0.          0.          0.          1.        ]]\n",
      "/data/urbinn/datasets/opnames_delft_15122017/route_03/03_route_03_opname_02_export/left/004681.png\n"
     ]
    },
    {
     "name": "stderr",
     "output_type": "stream",
     "text": [
      "\r",
      "                                                                               \r",
      "\r",
      " 22% (40 of 175) |#####                   | Elapsed Time: 0:05:20 ETA:  0:12:36"
     ]
    },
    {
     "name": "stdout",
     "output_type": "stream",
     "text": [
      "WARNING: invalid pose estimation\n",
      "47369 47489 6 -0.0019803272368 0.576077497255 [[ 0.81737296 -0.0060129  -0.5760775  -0.01475596]\n",
      " [-0.04832915  0.99570518 -0.0789651  -0.00212549]\n",
      " [ 0.57407816  0.09238528  0.8135719  -0.00198033]\n",
      " [ 0.          0.          0.          1.        ]]\n",
      "/data/urbinn/datasets/opnames_delft_15122017/route_03/03_route_03_opname_02_export/left/004801.png\n"
     ]
    },
    {
     "name": "stderr",
     "output_type": "stream",
     "text": [
      "\r",
      "                                                                               \r",
      "\r",
      " 23% (41 of 175) |#####                   | Elapsed Time: 0:05:24 ETA:  0:11:59"
     ]
    },
    {
     "name": "stdout",
     "output_type": "stream",
     "text": [
      "WARNING: invalid pose estimation\n",
      "47489 47609 14 -0.000561287998803 0.0993878303107 [[  9.94786722e-01   2.28350142e-02  -9.93878303e-02  -9.10063183e-04]\n",
      " [ -1.62562944e-02   9.97653589e-01   6.65060096e-02   7.05808925e-04]\n",
      " [  1.00673291e-01  -6.45436175e-02   9.92823756e-01  -5.61287999e-04]\n",
      " [  0.00000000e+00   0.00000000e+00   0.00000000e+00   1.00000000e+00]]\n",
      "/data/urbinn/datasets/opnames_delft_15122017/route_03/03_route_03_opname_02_export/left/004921.png\n",
      "invalid rotation 0.561545438032 \n",
      " [[ 0.82606634 -0.04776116  0.56154544 -4.08386648]\n",
      " [-0.01200695  0.99468484  0.10226392  7.64514685]\n",
      " [-0.56344498 -0.09121923  0.82110219  4.67784343]\n",
      " [ 0.          0.          0.          1.        ]]\n",
      "invalid speed keyframe 47489 frame 47729 speed 4.677843426400825\n",
      " [[ 0.82606634 -0.04776116  0.56154544 -4.08386648]\n",
      " [-0.01200695  0.99468484  0.10226392  7.64514685]\n",
      " [-0.56344498 -0.09121923  0.82110219  4.67784343]\n",
      " [ 0.          0.          0.          1.        ]]\n"
     ]
    },
    {
     "name": "stderr",
     "output_type": "stream",
     "text": [
      "\r",
      "                                                                               \r",
      "\r",
      " 24% (42 of 175) |#####                   | Elapsed Time: 0:05:32 ETA:  0:11:46"
     ]
    },
    {
     "name": "stdout",
     "output_type": "stream",
     "text": [
      "WARNING: invalid pose estimation\n",
      "47609 47729 40 -2.59760632106 0.105757812999 [[ 0.99014092  0.09184902  0.10575781  0.53493389]\n",
      " [-0.11579286  0.96155806  0.24899419 -0.76775617]\n",
      " [-0.07882241 -0.25878533  0.96271345 -2.59760632]\n",
      " [ 0.          0.          0.          1.        ]]\n",
      "/data/urbinn/datasets/opnames_delft_15122017/route_03/03_route_03_opname_02_export/left/005041.png\n"
     ]
    },
    {
     "name": "stderr",
     "output_type": "stream",
     "text": [
      "\r",
      "                                                                               \r",
      "\r",
      " 24% (43 of 175) |#####                   | Elapsed Time: 0:05:40 ETA:  0:11:23"
     ]
    },
    {
     "name": "stdout",
     "output_type": "stream",
     "text": [
      "WARNING: invalid pose estimation\n",
      "47729 47849 53 -0.0599820567259 0.154472226095 [[  9.87863465e-01  -1.62513190e-02   1.54472226e-01  -7.37083180e-01]\n",
      " [ -3.17065572e-04   9.94298369e-01   1.06633263e-01   7.29097864e-01]\n",
      " [ -1.55324414e-01  -1.05388082e-01   9.82225880e-01  -5.99820567e-02]\n",
      " [  0.00000000e+00   0.00000000e+00   0.00000000e+00   1.00000000e+00]]\n",
      "/data/urbinn/datasets/opnames_delft_15122017/route_03/03_route_03_opname_02_export/left/005161.png\n"
     ]
    },
    {
     "name": "stderr",
     "output_type": "stream",
     "text": [
      "\r",
      "                                                                               \r",
      "\r",
      " 25% (44 of 175) |######                  | Elapsed Time: 0:05:47 ETA:  0:11:16"
     ]
    },
    {
     "name": "stdout",
     "output_type": "stream",
     "text": [
      "WARNING: invalid pose estimation\n",
