{
 "cells": [
  {
   "cell_type": "markdown",
   "metadata": {},
   "source": [
    "# Store kitti sequence\n",
    "\n",
    "Create a sequence"
   ]
  },
  {
   "cell_type": "code",
   "execution_count": 1,
   "metadata": {},
   "outputs": [],
   "source": [
    "# when you change a setting you have to restart the kernel (settings are only loaded once)\n",
    "import os\n",
    "#os.environ['STEREO_CONFIDENCE'] = '1.6'\n",
    "#os.environ['SEQUENCE_CONFIDENCE'] = '1.6'\n",
    "#os.environ['PATCH_SIZE'] = '17'\n",
    "FRAMECOUNT = 1101\n",
    "\n",
    "import sys\n",
    "sys.path.append('..')\n",
    "from src.kitti import *\n",
    "%matplotlib inline\n",
    "import numpy as np\n",
    "import glob\n",
    "import urbg2o\n",
    "import cv2\n",
    "\n",
    "\n",
    "IMAGE_SIZE = 400\n",
    "\n",
    "def load(file):\n",
    "    keyframeids, frameids, poses = load_keyframes(file)\n",
    "    return keyframeids, frameids, poses.reshape(poses.shape[0], 4, 4)\n",
    "\n",
    "def load_csv(file):\n",
    "    poses = np.genfromtxt(file, delimiter= \" \")\n",
    "    poses = np.hstack([poses, np.repeat(np.array([[0,0,0,1.0]]), len(poses), axis=0) ])\n",
    "    return poses.reshape(poses.shape[0], 4, 4)\n",
    "\n",
    "def transform(poses):\n",
    "    points = np.repeat(np.array([[0,0,0,1.0]]), len(poses), axis=0) \n",
    "    for i in range(1, len(poses)):\n",
    "        points[:i] = np.dot(points[:i], poses[i].T)\n",
    "    return points\n",
    "        \n",
    "def transform2(poses):\n",
    "    points = poses[:,:,3]\n",
    "    return points\n",
    "    \n",
    "def plot_trajectory(points):\n",
    "    # remove y coordinate (we only use x and z to plot a view from above)\n",
    "    points = points[:, [0,2,3]]\n",
    "    # compute min and max\n",
    "    pmin = points.min(axis=0)\n",
    "    pmax = points.max(axis=0)\n",
    "    maxxy = max(pmax[0] - pmin[0], pmax[1] - pmin[1])\n",
    "\n",
    "    t = np.eye(3, dtype=np.float64)\n",
    "    t[0,0] = IMAGE_SIZE / maxxy\n",
    "    t[1,1] = -IMAGE_SIZE / maxxy\n",
    "    t[0,2] = -pmin[0] * IMAGE_SIZE / maxxy\n",
    "    t[1,2] = IMAGE_SIZE / maxxy + pmin[1] / maxxy + 100\n",
    "\n",
    "    return np.dot(points, t.T)\n",
    "    \n",
    "\n",
    "def plot_trajectory2(points):\n",
    "    # remove y coordinate (we only use x and z to plot a view from above)\n",
    "    points = points[:, [0,2,3]]\n",
    "    # compute min and max\n",
    "    pmin = points.min(axis=0)\n",
    "    pmax = points.max(axis=0)\n",
    "    maxxy = max(pmax[0] - pmin[0], pmax[1] - pmin[1]) * 1.01\n",
    "\n",
    "    t = np.eye(3, dtype=np.float64)\n",
    "    t[0,0] = IMAGE_SIZE / maxxy\n",
    "    t[1,1] = -IMAGE_SIZE / maxxy\n",
    "    t[0,2] = -pmin[0] * IMAGE_SIZE / maxxy\n",
    "    t[1,2] = IMAGE_SIZE / maxxy + pmin[1] / maxxy + 100\n",
    "    return np.dot(points, t.T)\n",
    "    \n",
    "def plot_trajectory3(points):\n",
    "    coords = []\n",
    "    minx = min([p[0] for p in points])\n",
    "    maxx = max([p[0] for p in points])\n",
    "    miny = min([p[2] for p in points])\n",
    "    maxy = max([p[2] for p in points])\n",
    "    maxxy = max(maxx - minx, maxy - miny)* 1.01\n",
    "\n",
    "    for p in points:\n",
    "        #print(p)\n",
    "        x = IMAGE_SIZE * (p[0] - minx) / (maxxy)\n",
    "        z = IMAGE_SIZE - IMAGE_SIZE * (p[2] - miny) / (maxxy)\n",
    "        coords.append([x, z])\n",
    "    return coords\n",
    "\n",
    "def new_image():\n",
    "    img = np.zeros((IMAGE_SIZE, IMAGE_SIZE, 3), np.uint8)\n",
    "    img[:] = 255 #or img.fill(255)\n",
    "    return img\n",
    "\n",
    "def draw(coords, img, color = (0,0,0)):\n",
    "    # Draw a black line with thickness of 2 px\n",
    "    for i in range(1,len(coords)):\n",
    "        cv2.line(img, (int(coords[i - 1][0]), int(coords[i - 1][1])), (int(coords[i][0]), int(coords[i][1])), color, 2)\n",
    "    return img"
   ]
  },
  {
   "cell_type": "markdown",
   "metadata": {},
   "source": [
    "Read the first 10 frames from KITTI sequence 00."
   ]
  },
  {
   "cell_type": "code",
   "execution_count": 2,
   "metadata": {},
   "outputs": [
    {
     "name": "stdout",
     "output_type": "stream",
     "text": [
      "CPU times: user 4.49 ms, sys: 1.17 ms, total: 5.66 ms\n",
      "Wall time: 4.91 ms\n"
     ]
    }
   ],
   "source": [
    "%%time\n",
    "SEQUENCE=7\n",
    "LEFTDIR = '/data/urbinn/datasets/kitti/sequences/%02d/image_0'%SEQUENCE\n",
    "RIGHTDIR = '/data/urbinn/datasets/kitti/sequences/%02d/image_1'%SEQUENCE\n",
    "\n",
    "frame = []\n",
    "for filename in sorted(glob.glob(LEFTDIR + '/*')):\n",
    "    left_frame = Frame(filename, RIGHTDIR)\n",
    "    frame.append(left_frame)"
   ]
  },
  {
   "cell_type": "markdown",
   "metadata": {},
   "source": [
    "Add the frames to a sequence. By adjusting the [:] you can use only a slice of the list of frames."
   ]
  },
  {
   "cell_type": "code",
   "execution_count": null,
   "metadata": {},
   "outputs": [
    {
     "name": "stderr",
     "output_type": "stream",
     "text": [
      "  0% (2 of 1101) |                        | Elapsed Time: 0:00:00 ETA:  0:01:18"
     ]
    },
    {
     "name": "stdout",
     "output_type": "stream",
     "text": [
      "connected mappoints  179\n"
     ]
    },
    {
     "name": "stderr",
     "output_type": "stream",
     "text": [
      "  0% (10 of 1101) |                       | Elapsed Time: 0:00:01 ETA:  0:02:29"
     ]
    },
    {
     "name": "stdout",
     "output_type": "stream",
     "text": [
      "aap\n",
      "connected mappoints  35\n"
     ]
    },
    {
     "name": "stderr",
     "output_type": "stream",
     "text": [
      "\r",
      "                                                                               \r",
      "\r",
      "  0% (11 of 1101) |                       | Elapsed Time: 0:00:01 ETA:  0:03:15"
     ]
    },
    {
     "name": "stdout",
     "output_type": "stream",
     "text": [
      "invalid speed keyframe 9 frame 10 speed 0.8774459516206107\n",
      " [[  9.99760487e-01  -2.25476389e-05   2.18853515e-02   2.71326466e-02]\n",
      " [  1.70318257e-05   9.99999968e-01   2.52218557e-04   3.92175662e-03]\n",
      " [ -2.18853565e-02  -2.51785400e-04   9.99760455e-01  -1.75119965e-01]\n",
      " [  0.00000000e+00   0.00000000e+00   0.00000000e+00   1.00000000e+00]]\n",
      "noot True False 145\n"
     ]
    },
    {
     "name": "stderr",
     "output_type": "stream",
     "text": [
      "  1% (16 of 1101) |                       | Elapsed Time: 0:00:04 ETA:  0:06:25"
     ]
    },
    {
     "name": "stdout",
     "output_type": "stream",
     "text": [
      "aap\n",
      "connected mappoints  32\n"
     ]
    },
    {
     "name": "stderr",
     "output_type": "stream",
     "text": [
      "\r",
      "                                                                               \r",
      "\r",
      "  1% (17 of 1101) |                       | Elapsed Time: 0:00:05 ETA:  0:08:43"
     ]
    },
    {
     "name": "stdout",
     "output_type": "stream",
     "text": [
      "invalid speed keyframe 15 frame 16 speed 0.874149030077419\n",
      " [[  9.99464996e-01  -1.89128037e-03   3.26518789e-02   3.37837320e-02]\n",
      " [  1.90340307e-03   9.99998131e-01  -3.40192161e-04   4.33215653e-04]\n",
      " [ -3.26511744e-02   4.02159843e-04   9.99466727e-01  -2.13570231e-01]\n",
      " [  0.00000000e+00   0.00000000e+00   0.00000000e+00   1.00000000e+00]]\n",
      "noot True False 147\n"
     ]
    },
    {
     "name": "stderr",
     "output_type": "stream",
     "text": [
      "  2% (23 of 1101) |                       | Elapsed Time: 0:00:11 ETA:  0:14:47"
     ]
    },
    {
     "name": "stdout",
     "output_type": "stream",
     "text": [
      "aap\n",
      "connected mappoints  45\n"
     ]
    },
    {
     "name": "stderr",
     "output_type": "stream",
     "text": [
      "\r",
      "                                                                               \r",
      "\r",
      "  2% (24 of 1101) |                       | Elapsed Time: 0:00:13 ETA:  0:17:36"
     ]
    },
    {
     "name": "stdout",
     "output_type": "stream",
     "text": [
      "invalid rotation 0.210069833789 \n",
      " [[  9.98893116e-01  -2.66478408e-04   4.70369229e-02   3.20117588e-02]\n",
      " [  3.65957249e-04   9.99997715e-01  -2.10631078e-03   3.48890710e-03]\n",
      " [ -4.70362541e-02   2.12119284e-03   9.98890931e-01  -2.51530071e-01]\n",
      " [  0.00000000e+00   0.00000000e+00   0.00000000e+00   1.00000000e+00]]\n",
      "invalid speed keyframe 22 frame 23 speed 1.2841907399868773\n",
      " [[  9.98893116e-01  -2.66478408e-04   4.70369229e-02   3.20117588e-02]\n",
      " [  3.65957249e-04   9.99997715e-01  -2.10631078e-03   3.48890710e-03]\n",
      " [ -4.70362541e-02   2.12119284e-03   9.98890931e-01  -2.51530071e-01]\n",
      " [  0.00000000e+00   0.00000000e+00   0.00000000e+00   1.00000000e+00]]\n",
      "noot True True 114\n"
     ]
    },
    {
     "name": "stderr",
     "output_type": "stream",
     "text": [
      "  2% (26 of 1101) |                       | Elapsed Time: 0:00:15 ETA:  0:19:37"
     ]
    },
    {
     "name": "stdout",
     "output_type": "stream",
     "text": [
      "aap\n",
      "connected mappoints  38\n"
     ]
    },
    {
     "name": "stderr",
     "output_type": "stream",
     "text": [
      "\r",
      "                                                                               \r",
      "\r",
      "  2% (27 of 1101) |                       | Elapsed Time: 0:00:17 ETA:  0:20:24"
     ]
    },
    {
     "name": "stdout",
     "output_type": "stream",
     "text": [
      "invalid speed keyframe 25 frame 26 speed 0.5151999295977194\n",
      " [[  9.98474890e-01   2.96980624e-04   5.52069356e-02   3.60502847e-02]\n",
      " [ -3.37905217e-04   9.99999675e-01   7.31961421e-04   4.32244507e-03]\n",
      " [ -5.52067003e-02  -7.49499811e-04   9.98474666e-01  -2.74578435e-01]\n",
      " [  0.00000000e+00   0.00000000e+00   0.00000000e+00   1.00000000e+00]]\n",
      "noot True False 93\n"
     ]
    },
    {
     "name": "stderr",
     "output_type": "stream",
     "text": [
      "\r",
      "                                                                               \r",
      "\r",
      "  2% (28 of 1101) |                       | Elapsed Time: 0:00:18 ETA:  0:20:39"
     ]
    },
    {
     "name": "stdout",
     "output_type": "stream",
     "text": [
      "aap\n",
      "connected mappoints  47\n"
     ]
    },
    {
     "name": "stderr",
     "output_type": "stream",
     "text": [
      "\r",
      "                                                                               \r",
      "\r",
      "  2% (29 of 1101) |                       | Elapsed Time: 0:00:19 ETA:  0:22:25"
     ]
    },
    {
     "name": "stdout",
     "output_type": "stream",
     "text": [
      "invalid speed keyframe 27 frame 28 speed 0.27314712767045496\n",
      " [[  9.98292283e-01   4.74388915e-03   5.82238126e-02   3.11796320e-02]\n",
      " [ -4.76217133e-03   9.99988645e-01   1.75247977e-04   3.68435737e-03]\n",
      " [ -5.82223201e-02  -4.52220475e-04   9.98303539e-01  -2.96570602e-01]\n",
      " [  0.00000000e+00   0.00000000e+00   0.00000000e+00   1.00000000e+00]]\n",
      "noot True False 65\n"
     ]
    },
    {
     "name": "stderr",
     "output_type": "stream",
     "text": [
      "\r",
      "                                                                               \r",
      "\r",
      "  2% (30 of 1101) |                       | Elapsed Time: 0:00:20 ETA:  0:21:59"
     ]
    },
    {
     "name": "stdout",
     "output_type": "stream",
     "text": [
      "aap\n",
      "connected mappoints  35\n"
     ]
    },
    {
     "name": "stderr",
     "output_type": "stream",
     "text": [
      "\r",
      "                                                                               \r",
      "\r",
      "  2% (31 of 1101) |                       | Elapsed Time: 0:00:22 ETA:  0:24:12"
     ]
    },
    {
     "name": "stdout",
     "output_type": "stream",
     "text": [
      "invalid speed keyframe 29 frame 30 speed 0.2929921288778874\n",
      " [[ 0.99824575  0.00144233  0.05918908  0.03807042]\n",
      " [-0.00133599  0.99999742 -0.00183624 -0.00110789]\n",
      " [-0.05919158  0.00175394  0.9982451  -0.32721414]\n",
      " [ 0.          0.          0.          1.        ]]\n",
      "noot True False 95\n"
     ]
    },
    {
     "name": "stderr",
     "output_type": "stream",
     "text": [
      "\r",
      "                                                                               \r",
      "\r",
      "  2% (32 of 1101) |                       | Elapsed Time: 0:00:23 ETA:  0:23:05"
     ]
    },
    {
     "name": "stdout",
     "output_type": "stream",
     "text": [
      "aap\n",
      "connected mappoints  51\n"
     ]
    },
    {
     "name": "stderr",
     "output_type": "stream",
     "text": [
      "\r",
      "                                                                               \r",
      "\r",
      "  2% (33 of 1101) |                       | Elapsed Time: 0:00:24 ETA:  0:23:13"
     ]
    },
    {
     "name": "stdout",
     "output_type": "stream",
     "text": [
      "invalid speed keyframe 31 frame 32 speed 0.3209621584473045\n",
      " [[  9.98192618e-01  -7.21021033e-04   6.00914054e-02   4.12625679e-02]\n",
      " [  7.90134788e-04   9.99999053e-01  -1.12639007e-03  -4.39487816e-03]\n",
      " [ -6.00905363e-02   1.17183457e-03   9.98192243e-01  -3.51135176e-01]\n",
      " [  0.00000000e+00   0.00000000e+00   0.00000000e+00   1.00000000e+00]]\n",
      "noot True False 97\n"
     ]
    },
    {
     "name": "stderr",
     "output_type": "stream",
     "text": [
      "  3% (36 of 1101) |                       | Elapsed Time: 0:00:25 ETA:  0:18:12"
     ]
    },
    {
     "name": "stdout",
     "output_type": "stream",
     "text": [
      "invalid speed keyframe 31 frame 36 speed 1.2507038912737811\n",
      " [[ 0.96021709 -0.04404884  0.27575867  0.30466294]\n",
      " [ 0.04181758  0.99902761  0.01396895 -0.40438659]\n",
      " [-0.27610584 -0.00188166  0.96112539 -0.02432249]\n",
      " [ 0.          0.          0.          1.        ]]\n",
      "aap\n",
      "connected mappoints  29\n"
     ]
    },
    {
     "name": "stderr",
     "output_type": "stream",
     "text": [
      "\r",
      "                                                                               \r",
      "\r",
      "  3% (37 of 1101) |                       | Elapsed Time: 0:00:25 ETA:  0:15:43"
     ]
    },
    {
     "name": "stdout",
     "output_type": "stream",
     "text": [
      "invalid speed keyframe 35 frame 36 speed 0.9167405675033534\n",
      " [[ 0.99848536  0.0025756   0.05495766  0.03743895]\n",
      " [-0.00243068  0.99999339 -0.00270354  0.00960312]\n",
      " [-0.05496426  0.00256586  0.99848503 -0.35828581]\n",
      " [ 0.          0.          0.          1.        ]]\n",
      "noot True False 75\n",
      "aap\n",
      "connected mappoints  74\n"
     ]
    },
    {
     "name": "stderr",
     "output_type": "stream",
     "text": [
      "\r",
      "                                                                               \r",
      "\r",
      "  3% (38 of 1101) |                       | Elapsed Time: 0:00:26 ETA:  0:14:39"
     ]
    },
    {
     "name": "stdout",
     "output_type": "stream",
     "text": [
      "noot False False 61\n",
      "aap\n",
      "connected mappoints  61\n"
     ]
    },
    {
     "name": "stderr",
     "output_type": "stream",
     "text": [
      "  3% (40 of 1101) |                       | Elapsed Time: 0:00:26 ETA:  0:11:17"
     ]
    },
    {
     "name": "stdout",
     "output_type": "stream",
     "text": [
      "noot False False 59\n",
      "aap\n",
      "connected mappoints  46\n"
     ]
    },
    {
     "name": "stderr",
     "output_type": "stream",
     "text": [
      "\r",
      "                                                                               \r",
      "\r",
      "  3% (41 of 1101) |                       | Elapsed Time: 0:00:27 ETA:  0:08:21"
     ]
    },
    {
     "name": "stdout",
     "output_type": "stream",
     "text": [
      "invalid speed keyframe 39 frame 40 speed 0.38585606719820226\n",
      " [[  9.99302189e-01  -2.42075974e-03   3.72729847e-02   3.86204906e-02]\n",
      " [  2.35252054e-03   9.99995476e-01   1.87454432e-03  -5.94711569e-04]\n",
      " [ -3.72773539e-02  -1.78555077e-03   9.99303363e-01  -4.50911478e-01]\n",
      " [  0.00000000e+00   0.00000000e+00   0.00000000e+00   1.00000000e+00]]\n",
      "noot True False 92\n"
     ]
    },
    {
     "name": "stderr",
     "output_type": "stream",
     "text": [
      "  3% (44 of 1101) |                       | Elapsed Time: 0:00:28 ETA:  0:06:01"
     ]
    },
    {
     "name": "stdout",
     "output_type": "stream",
     "text": [
      "aap\n",
      "connected mappoints  34\n"
     ]
    },
    {
     "name": "stderr",
     "output_type": "stream",
     "text": [
      "\r",
      "                                                                               \r",
      "\r",
      "  4% (45 of 1101) |                       | Elapsed Time: 0:00:28 ETA:  0:05:56"
     ]
    },
    {
     "name": "stdout",
     "output_type": "stream",
     "text": [
      "invalid speed keyframe 43 frame 44 speed 1.1830101170960745\n",
      " [[ 0.99979089 -0.00107863  0.02042065  0.02547538]\n",
      " [ 0.00103484  0.99999714  0.0021545   0.00356492]\n",
      " [-0.02042292 -0.00213292  0.99978916 -0.51381844]\n",
      " [ 0.          0.          0.          1.        ]]\n",
      "noot True False 78\n"
     ]
    },
    {
     "name": "stderr",
     "output_type": "stream",
     "text": [
      "  4% (48 of 1101) |#                      | Elapsed Time: 0:00:29 ETA:  0:05:07"
     ]
    },
    {
     "name": "stdout",
     "output_type": "stream",
     "text": [
      "invalid speed keyframe 43 frame 48 speed 1.8280926545756195\n",
      " [[ 0.9969687  -0.00704723  0.07748385 -1.36474525]\n",
      " [ 0.00688999  0.99997363  0.00229648 -0.3858219 ]\n",
      " [-0.07749799 -0.00175566  0.99699096 -0.26626806]\n",
      " [ 0.          0.          0.          1.        ]]\n",
      "aap\n",
      "connected mappoints  44\n"
     ]
    },
    {
     "name": "stderr",
     "output_type": "stream",
     "text": [
      "\r",
      "                                                                               \r",
      "\r",
      "  4% (49 of 1101) |#                      | Elapsed Time: 0:00:29 ETA:  0:05:01"
     ]
    },
    {
     "name": "stdout",
     "output_type": "stream",
     "text": [
      "invalid speed keyframe 47 frame 48 speed 1.4917550029679623\n",
      " [[ 0.99997705 -0.00176614  0.00654095  0.02187292]\n",
      " [ 0.00177554  0.9999974  -0.00143052  0.00887789]\n",
      " [-0.00653841  0.0014421   0.99997758 -0.60260571]\n",
      " [ 0.          0.          0.          1.        ]]\n",
      "noot True False 87\n"
     ]
    },
    {
     "name": "stderr",
     "output_type": "stream",
     "text": [
      "  4% (52 of 1101) |#                      | Elapsed Time: 0:00:30 ETA:  0:05:04"
     ]
    },
    {
     "name": "stdout",
     "output_type": "stream",
     "text": [
      "aap\n",
      "connected mappoints  41\n"
     ]
    },
    {
     "name": "stderr",
     "output_type": "stream",
     "text": [
      "\r",
      "                                                                               \r",
      "\r",
      "  4% (53 of 1101) |#                      | Elapsed Time: 0:00:31 ETA:  0:06:42"
     ]
    },
    {
     "name": "stdout",
     "output_type": "stream",
     "text": [
      "invalid speed keyframe 51 frame 52 speed 1.7882614524561817\n",
      " [[  9.99998897e-01  -4.20251965e-04  -1.42424196e-03   9.21150595e-03]\n",
      " [  4.16803708e-04   9.99996984e-01  -2.42055020e-03   1.09828667e-02]\n",
      " [  1.42525491e-03   2.41995391e-03   9.99996056e-01  -6.50323256e-01]\n",
      " [  0.00000000e+00   0.00000000e+00   0.00000000e+00   1.00000000e+00]]\n",
      "noot True False 94\n"
     ]
    },
    {
     "name": "stderr",
     "output_type": "stream",
     "text": [
      "  5% (56 of 1101) |#                      | Elapsed Time: 0:00:33 ETA:  0:07:30"
     ]
    },
    {
     "name": "stdout",
     "output_type": "stream",
     "text": [
      "invalid speed keyframe 51 frame 56 speed 2.168052745201292\n",
      " [[ 0.9998242  -0.01645277 -0.00899307  0.05479742]\n",
      " [ 0.01641349  0.9998555  -0.00442451  0.09050497]\n",
      " [ 0.00906457  0.00427612  0.99994977 -0.54452787]\n",
      " [ 0.          0.          0.          1.        ]]\n",
      "aap\n",
      "connected mappoints  38\n"
     ]
    },
    {
     "name": "stderr",
     "output_type": "stream",
     "text": [
      "\r",
      "                                                                               \r",
      "\r",
      "  5% (57 of 1101) |#                      | Elapsed Time: 0:00:34 ETA:  0:09:24"
     ]
    },
    {
     "name": "stdout",
     "output_type": "stream",
     "text": [
      "invalid speed keyframe 55 frame 56 speed 1.9941060323749862\n",
      " [[  9.99998500e-01   9.94681794e-04  -1.41810990e-03  -6.76905373e-04]\n",
      " [ -9.98426980e-04   9.99996010e-01  -2.64271286e-03   4.57919430e-03]\n",
      " [  1.41547559e-03   2.64412478e-03   9.99995503e-01  -7.18474584e-01]\n",
      " [  0.00000000e+00   0.00000000e+00   0.00000000e+00   1.00000000e+00]]\n",
      "noot True False 77\n"
     ]
    },
    {
     "name": "stderr",
     "output_type": "stream",
     "text": [
      "  5% (59 of 1101) |#                      | Elapsed Time: 0:00:35 ETA:  0:09:49"
     ]
    },
    {
     "name": "stdout",
     "output_type": "stream",
     "text": [
      "aap\n",
      "connected mappoints  30\n"
     ]
    },
    {
     "name": "stderr",
     "output_type": "stream",
     "text": [
      "\r",
      "                                                                               \r",
      "\r",
      "  5% (60 of 1101) |#                      | Elapsed Time: 0:00:36 ETA:  0:11:36"
     ]
    },
    {
     "name": "stdout",
     "output_type": "stream",
     "text": [
      "invalid speed keyframe 58 frame 59 speed 1.544924510449569\n",
      " [[  9.99996666e-01  -1.92576900e-03  -1.72050346e-03   9.45957016e-03]\n",
      " [  1.92633976e-03   9.99998090e-01   3.30148685e-04   1.68128678e-02]\n",
      " [  1.71986438e-03  -3.33461859e-04   9.99998465e-01  -7.48388807e-01]\n",
      " [  0.00000000e+00   0.00000000e+00   0.00000000e+00   1.00000000e+00]]\n",
      "noot True False 82\n"
     ]
    },
    {
     "name": "stderr",
     "output_type": "stream",
     "text": [
      "  5% (62 of 1101) |#                      | Elapsed Time: 0:00:37 ETA:  0:11:54"
     ]
    },
    {
     "name": "stdout",
     "output_type": "stream",
     "text": [
      "invalid speed keyframe 58 frame 62 speed 1.5059476288795457\n",
      " [[  9.99868595e-01  -1.28836281e-02  -9.83890303e-03   2.52944677e-01]\n",
      " [  1.28925794e-02   9.99916529e-01   8.46907393e-04   8.24723850e-02]\n",
      " [  9.82717052e-03  -9.73644944e-04   9.99951238e-01  -8.02636646e-01]\n",
      " [  0.00000000e+00   0.00000000e+00   0.00000000e+00   1.00000000e+00]]\n",
      "aap\n",
      "connected mappoints  30\n"
     ]
    },
    {
     "name": "stderr",
     "output_type": "stream",
     "text": [
      "\r",
      "                                                                               \r",
      "\r",
      "  5% (63 of 1101) |#                      | Elapsed Time: 0:00:38 ETA:  0:12:05"
     ]
    },
    {
     "name": "stdout",
     "output_type": "stream",
     "text": [
      "invalid speed keyframe 61 frame 62 speed 1.5023281347546114\n",
      " [[ 0.9999962   0.00236139 -0.00142022  0.00839691]\n",
      " [-0.00236439  0.99999497 -0.00211327  0.01165985]\n",
      " [ 0.00141522  0.00211662  0.99999676 -0.80625614]\n",
      " [ 0.          0.          0.          1.        ]]\n",
      "noot True False 90\n"
     ]
    },
    {
     "name": "stderr",
     "output_type": "stream",
     "text": [
      "  5% (66 of 1101) |#                      | Elapsed Time: 0:00:40 ETA:  0:12:02"
     ]
    },
    {
     "name": "stdout",
     "output_type": "stream",
     "text": [
      "invalid speed keyframe 61 frame 66 speed 1.138533463905258\n",
      " [[  9.99963554e-01  -4.09809938e-04  -8.52780741e-03   3.57847941e-01]\n",
      " [  4.51244524e-04   9.99988101e-01   4.85740519e-03   7.91339936e-02]\n",
      " [  8.52571532e-03  -4.86107628e-03   9.99951840e-01  -2.07726054e+00]\n",
      " [  0.00000000e+00   0.00000000e+00   0.00000000e+00   1.00000000e+00]]\n",
      "aap\n",
      "connected mappoints  47\n"
     ]
    },
    {
     "name": "stderr",
     "output_type": "stream",
     "text": [
      "\r",
      "                                                                               \r",
      "\r",
      "  6% (67 of 1101) |#                      | Elapsed Time: 0:00:41 ETA:  0:11:55"
     ]
    },
    {
     "name": "stdout",
     "output_type": "stream",
     "text": [
      "invalid speed keyframe 65 frame 66 speed 2.3932621375215613\n",
      " [[  9.99998353e-01   1.81465630e-03  -2.26412335e-05   4.19837490e-03]\n",
      " [ -1.81445068e-03   9.99973322e-01   7.07552164e-03   4.85235454e-03]\n",
      " [  3.54802695e-05  -7.07546891e-03   9.99974968e-01  -8.22531871e-01]\n",
      " [  0.00000000e+00   0.00000000e+00   0.00000000e+00   1.00000000e+00]]\n",
      "noot True False 114\n"
     ]
    },
    {
     "name": "stderr",
     "output_type": "stream",
     "text": [
      "  6% (69 of 1101) |#                      | Elapsed Time: 0:00:42 ETA:  0:12:00"
     ]
    },
    {
     "name": "stdout",
     "output_type": "stream",
     "text": [
      "aap\n",
      "connected mappoints  40\n"
     ]
    },
    {
     "name": "stderr",
     "output_type": "stream",
     "text": [
      "\r",
      "                                                                               \r",
      "\r",
      "  6% (70 of 1101) |#                      | Elapsed Time: 0:00:43 ETA:  0:12:16"
     ]
    },
    {
     "name": "stdout",
     "output_type": "stream",
     "text": [
      "invalid speed keyframe 68 frame 69 speed 1.6335653259529244\n",
      " [[  9.99999628e-01  -8.45116550e-04  -1.70227292e-04   1.90703906e-02]\n",
      " [  8.43850017e-04   9.99972942e-01  -7.30775257e-03   2.03813583e-02]\n",
      " [  1.76398589e-04   7.30760621e-03   9.99973284e-01  -8.58502330e-01]\n",
      " [  0.00000000e+00   0.00000000e+00   0.00000000e+00   1.00000000e+00]]\n",
      "noot True False 115\n"
     ]
    },
    {
     "name": "stderr",
     "output_type": "stream",
     "text": [
      "  6% (73 of 1101) |#                      | Elapsed Time: 0:00:45 ETA:  0:11:19"
     ]
    },
    {
     "name": "stdout",
     "output_type": "stream",
     "text": [
      "invalid speed keyframe 68 frame 73 speed 0.25472607300167294\n",
      " [[ 0.99990244  0.0134506  -0.00376713  0.62887372]\n",
      " [-0.01352873  0.99967631 -0.02154629  0.41259702]\n",
      " [ 0.0034761   0.02159515  0.99976075 -3.14325003]\n",
      " [ 0.          0.          0.          1.        ]]\n",
      "aap\n",
      "connected mappoints  38\n"
     ]
    },
    {
     "name": "stderr",
     "output_type": "stream",
     "text": [
      "\r",
      "                                                                               \r",
      "\r",
      "  6% (74 of 1101) |#                      | Elapsed Time: 0:00:47 ETA:  0:13:17"
     ]
    },
    {
     "name": "stdout",
     "output_type": "stream",
     "text": [
      "invalid speed keyframe 72 frame 73 speed 2.5525061252827\n",
      " [[  9.99999920e-01   4.77947273e-05   3.96485590e-04   1.34787672e-02]\n",
      " [ -4.91290469e-05   9.99994334e-01   3.36604037e-03   2.00859762e-02]\n",
      " [ -3.96322464e-04  -3.36605958e-03   9.99994256e-01  -8.45469974e-01]\n",
      " [  0.00000000e+00   0.00000000e+00   0.00000000e+00   1.00000000e+00]]\n",
      "noot True False 101\n"
     ]
    },
    {
     "name": "stderr",
     "output_type": "stream",
     "text": [
      "  6% (77 of 1101) |#                      | Elapsed Time: 0:00:49 ETA:  0:12:54"
     ]
    },
    {
     "name": "stdout",
     "output_type": "stream",
     "text": [
      "invalid speed keyframe 72 frame 77 speed 2.2093584072276666\n",
      " [[ 0.99966431 -0.02557935 -0.00411906 -0.02135386]\n",
      " [ 0.0255684   0.99966945 -0.0026906   0.21525009]\n",
      " [ 0.00418652  0.00258438  0.9999879  -1.23199538]\n",
      " [ 0.          0.          0.          1.        ]]\n",
      "aap\n",
      "connected mappoints  41\n"
     ]
    },
    {
     "name": "stderr",
     "output_type": "stream",
     "text": [
      "\r",
      "                                                                               \r",
      "\r",
      "  7% (78 of 1101) |#                      | Elapsed Time: 0:00:50 ETA:  0:14:51"
     ]
    },
    {
     "name": "stdout",
     "output_type": "stream",
     "text": [
      "invalid speed keyframe 76 frame 77 speed 2.5839477253752015\n",
      " [[  9.99999883e-01  -4.83733391e-04   2.16593144e-05   1.47611438e-02]\n",
      " [  4.83696859e-04   9.99998512e-01   1.65604715e-03   1.97388823e-02]\n",
      " [ -2.24603674e-05  -1.65603648e-03   9.99998629e-01  -8.57406062e-01]\n",
      " [  0.00000000e+00   0.00000000e+00   0.00000000e+00   1.00000000e+00]]\n",
      "noot True False 104\n"
     ]
    },
    {
     "name": "stderr",
     "output_type": "stream",
     "text": [
      "  7% (84 of 1101) |#                      | Elapsed Time: 0:00:53 ETA:  0:11:35"
     ]
    },
    {
     "name": "stdout",
     "output_type": "stream",
     "text": [
      "invalid speed keyframe 76 frame 84 speed 0.8598060727198691\n",
      " [[  9.99988286e-01   3.31066368e-03  -3.53080385e-03   2.42773681e-01]\n",
      " [ -3.33518638e-03   9.99970201e-01  -6.96223347e-03   2.73858657e-01]\n",
      " [  3.50764902e-03   6.97392781e-03   9.99969530e-01  -5.04410823e+00]\n",
      " [  0.00000000e+00   0.00000000e+00   0.00000000e+00   1.00000000e+00]]\n",
      "aap\n",
      "connected mappoints  22\n"
     ]
    },
    {
     "name": "stderr",
     "output_type": "stream",
     "text": [
      "\r",
      "                                                                               \r",
      "\r",
      "  7% (85 of 1101) |#                      | Elapsed Time: 0:00:55 ETA:  0:13:25"
     ]
    },
    {
     "name": "stdout",
     "output_type": "stream",
     "text": [
      "invalid speed keyframe 83 frame 84 speed 5.04798437556762\n",
      " [[  9.99999937e-01   8.46469319e-05   3.44515497e-04   1.00349086e-02]\n",
      " [ -8.35569443e-05   9.99994995e-01  -3.16261328e-03   2.27057100e-02]\n",
      " [ -3.44781478e-04   3.16258430e-03   9.99994940e-01  -8.55929923e-01]\n",
      " [  0.00000000e+00   0.00000000e+00   0.00000000e+00   1.00000000e+00]]\n",
      "noot True False 109\n"
     ]
    },
    {
     "name": "stderr",
     "output_type": "stream",
     "text": [
      "  7% (88 of 1101) |#                      | Elapsed Time: 0:00:57 ETA:  0:11:44"
     ]
    },
    {
     "name": "stdout",
     "output_type": "stream",
     "text": [
      "aap\n",
      "connected mappoints  39\n"
     ]
    },
    {
     "name": "stderr",
     "output_type": "stream",
     "text": [
      "\r",
      "                                                                               \r",
      "\r",
      "  8% (89 of 1101) |#                      | Elapsed Time: 0:00:59 ETA:  0:13:41"
     ]
    },
    {
     "name": "stdout",
     "output_type": "stream",
     "text": [
      "invalid speed keyframe 87 frame 88 speed 2.5663658897605313\n",
      " [[  9.99992338e-01  -3.90766499e-03  -2.31143973e-04   2.03959160e-02]\n",
      " [  3.90822557e-03   9.99989296e-01   2.47665684e-03   1.28607767e-02]\n",
      " [  2.21463553e-04  -2.47754122e-03   9.99996906e-01  -8.50574619e-01]\n",
      " [  0.00000000e+00   0.00000000e+00   0.00000000e+00   1.00000000e+00]]\n",
      "noot True False 106\n"
     ]
    },
    {
     "name": "stderr",
     "output_type": "stream",
     "text": [
      "  8% (92 of 1101) |#                      | Elapsed Time: 0:01:01 ETA:  0:13:51"
     ]
    },
    {
     "name": "stdout",
     "output_type": "stream",
     "text": [
      "aap\n",
      "connected mappoints  38\n"
     ]
    },
    {
     "name": "stderr",
     "output_type": "stream",
     "text": [
      "\r",
      "                                                                               \r",
      "\r",
      "  8% (93 of 1101) |#                      | Elapsed Time: 0:01:02 ETA:  0:15:59"
     ]
    },
    {
     "name": "stdout",
     "output_type": "stream",
     "text": [
      "invalid speed keyframe 91 frame 92 speed 2.504163170873338\n",
      " [[  9.99989926e-01   4.40398996e-03   8.67898775e-04   7.74325456e-03]\n",
      " [ -4.40564625e-03   9.99988460e-01   1.91580914e-03   9.07624037e-03]\n",
      " [ -8.59451555e-04  -1.91961350e-03   9.99997788e-01  -8.41609209e-01]\n",
      " [  0.00000000e+00   0.00000000e+00   0.00000000e+00   1.00000000e+00]]\n",
      "noot True False 125\n"
     ]
    },
    {
     "name": "stderr",
     "output_type": "stream",
     "text": [
      "  8% (96 of 1101) |##                     | Elapsed Time: 0:01:04 ETA:  0:14:19"
     ]
    },
    {
     "name": "stdout",
     "output_type": "stream",
     "text": [
      "aap\n",
      "connected mappoints  52\n"
     ]
    },
    {
     "name": "stderr",
     "output_type": "stream",
     "text": [
      "\r",
      "                                                                               \r",
      "\r",
      "  8% (97 of 1101) |##                     | Elapsed Time: 0:01:06 ETA:  0:16:17"
     ]
    },
    {
     "name": "stdout",
     "output_type": "stream",
     "text": [
      "invalid speed keyframe 95 frame 96 speed 2.486213070132707\n",
      " [[  9.99998792e-01  -1.49104324e-04   1.54686824e-03   1.04716743e-02]\n",
      " [  1.47684951e-04   9.99999568e-01   9.17652626e-04   1.74546367e-02]\n",
      " [ -1.54700440e-03  -9.17423069e-04   9.99998383e-01  -8.28965972e-01]\n",
      " [  0.00000000e+00   0.00000000e+00   0.00000000e+00   1.00000000e+00]]\n",
      "noot True False 122\n"
     ]
    },
    {
     "name": "stderr",
     "output_type": "stream",
     "text": [
      "  8% (99 of 1101) |##                     | Elapsed Time: 0:01:07 ETA:  0:14:30"
     ]
    },
    {
     "name": "stdout",
     "output_type": "stream",
     "text": [
      "aap\n",
      "connected mappoints  47\n"
     ]
    },
    {
     "name": "stderr",
     "output_type": "stream",
     "text": [
      "\r",
      "                                                                               \r",
      "\r",
      "  9% (100 of 1101) |#                     | Elapsed Time: 0:01:09 ETA:  0:16:16"
     ]
    },
    {
     "name": "stdout",
     "output_type": "stream",
     "text": [
      "invalid speed keyframe 98 frame 99 speed 1.6117474782326877\n",
      " [[ 0.99999036 -0.00420929  0.00124978  0.01790395]\n",
      " [ 0.0042078   0.99999044  0.00119201  0.01481596]\n",
      " [-0.00125478 -0.00118674  0.99999851 -0.81252978]\n",
      " [ 0.          0.          0.          1.        ]]\n",
      "noot True False 116\n"
     ]
    },
    {
     "name": "stderr",
     "output_type": "stream",
     "text": [
      "  9% (102 of 1101) |##                    | Elapsed Time: 0:01:10 ETA:  0:16:16"
     ]
    },
    {
     "name": "stdout",
     "output_type": "stream",
     "text": [
      "invalid speed keyframe 98 frame 102 speed 0.019905784467014076\n",
      " [[  9.99999517e-01  -9.74833800e-04   1.21904235e-04   3.15679957e-01]\n",
      " [  9.74751180e-04   9.99999296e-01   6.75977338e-04  -1.38350309e-01]\n",
      " [ -1.22563115e-04  -6.75858186e-04   9.99999764e-01  -2.38436774e+00]\n",
      " [  0.00000000e+00   0.00000000e+00   0.00000000e+00   1.00000000e+00]]\n",
      "aap\n",
      "connected mappoints  40\n"
     ]
    },
    {
     "name": "stderr",
     "output_type": "stream",
     "text": [
      "\r",
      "                                                                               \r",
      "\r",
      "  9% (103 of 1101) |##                    | Elapsed Time: 0:01:12 ETA:  0:16:35"
     ]
    },
    {
     "name": "stdout",
     "output_type": "stream",
     "text": [
      "invalid speed keyframe 101 frame 102 speed 1.606014432975134\n",
      " [[  9.99997216e-01  -2.18739484e-03   8.85215697e-04   1.45818482e-02]\n",
      " [  2.18723397e-03   9.99997591e-01   1.82658462e-04   1.84886437e-02]\n",
      " [ -8.85613111e-04  -1.80721780e-04   9.99999592e-01  -7.98259096e-01]\n",
      " [  0.00000000e+00   0.00000000e+00   0.00000000e+00   1.00000000e+00]]\n",
      "noot True False 110\n"
     ]
    },
    {
     "name": "stderr",
     "output_type": "stream",
     "text": [
      "\r",
      "                                                                               \r",
      "\r",
      "  9% (104 of 1101) |##                    | Elapsed Time: 0:01:13 ETA:  0:16:30"
     ]
    },
    {
     "name": "stdout",
     "output_type": "stream",
     "text": [
      "aap\n",
      "connected mappoints  46\n"
     ]
    },
    {
     "name": "stderr",
     "output_type": "stream",
     "text": [
      "\r",
      "                                                                               \r",
      "\r",
      "  9% (105 of 1101) |##                    | Elapsed Time: 0:01:15 ETA:  0:18:14"
     ]
    },
    {
     "name": "stdout",
     "output_type": "stream",
     "text": [
      "invalid speed keyframe 103 frame 104 speed 0.7983791930141758\n",
      " [[  9.99998255e-01   1.64670053e-03   8.81900659e-04   8.13819898e-03]\n",
      " [ -1.64528433e-03   9.99997360e-01  -1.60417433e-03   1.50121115e-02]\n",
      " [ -8.84539925e-04   1.60272056e-03   9.99998324e-01  -7.98524965e-01]\n",
      " [  0.00000000e+00   0.00000000e+00   0.00000000e+00   1.00000000e+00]]\n",
      "noot True False 81\n"
     ]
    },
    {
     "name": "stderr",
     "output_type": "stream",
     "text": [
      "  9% (107 of 1101) |##                    | Elapsed Time: 0:01:16 ETA:  0:16:05"
     ]
    },
    {
     "name": "stdout",
     "output_type": "stream",
     "text": [
      "aap\n",
      "connected mappoints  34\n"
     ]
    },
    {
     "name": "stderr",
     "output_type": "stream",
     "text": [
      "\r",
      "                                                                               \r",
      "\r",
      "  9% (108 of 1101) |##                    | Elapsed Time: 0:01:18 ETA:  0:18:00"
     ]
    },
    {
     "name": "stdout",
     "output_type": "stream",
     "text": [
      "invalid speed keyframe 106 frame 107 speed 1.632072044724342\n",
      " [[  9.99999793e-01   3.87181863e-04   5.13362444e-04   1.42407666e-02]\n",
      " [ -3.86159058e-04   9.99997943e-01  -1.99096985e-03   1.48630932e-02]\n",
      " [ -5.14132256e-04   1.99077120e-03   9.99997886e-01  -7.69939358e-01]\n",
      " [  0.00000000e+00   0.00000000e+00   0.00000000e+00   1.00000000e+00]]\n",
      "noot True False 83\n"
     ]
    },
    {
     "name": "stderr",
     "output_type": "stream",
     "text": [
      " 10% (111 of 1101) |##                    | Elapsed Time: 0:01:20 ETA:  0:16:14"
     ]
    },
    {
     "name": "stdout",
