{
 "cells": [
  {
   "cell_type": "markdown",
   "metadata": {},
   "source": [
    "# Store kitti sequence\n",
    "\n",
    "Create a sequence"
   ]
  },
  {
   "cell_type": "code",
   "execution_count": 1,
   "metadata": {
    "collapsed": true
   },
   "outputs": [],
   "source": [
    "# when you change a setting you have to restart the kernel (settings are only loaded once)\n",
    "import os\n",
    "#os.environ['STEREO_CONFIDENCE'] = '1.6'\n",
    "#os.environ['SEQUENCE_CONFIDENCE'] = '1.6'\n",
    "#os.environ['PATCH_SIZE'] = '17'\n",
    "FRAMECOUNT = 1101\n",
    "\n",
    "import sys\n",
    "sys.path.append('..')\n",
    "from src.kitti import *\n",
    "%matplotlib inline\n",
    "import numpy as np\n",
    "import glob\n",
    "import urbg2o\n",
    "import cv2\n",
    "\n",
    "\n",
    "IMAGE_SIZE = 400\n",
    "\n",
    "def load(file):\n",
    "    keyframeids, frameids, poses = load_keyframes(file)\n",
    "    return keyframeids, frameids, poses.reshape(poses.shape[0], 4, 4)\n",
    "\n",
    "def load_csv(file):\n",
    "    poses = np.genfromtxt(file, delimiter= \" \")\n",
    "    poses = np.hstack([poses, np.repeat(np.array([[0,0,0,1.0]]), len(poses), axis=0) ])\n",
    "    return poses.reshape(poses.shape[0], 4, 4)\n",
    "\n",
    "def transform(poses):\n",
    "    points = np.repeat(np.array([[0,0,0,1.0]]), len(poses), axis=0) \n",
    "    for i in range(1, len(poses)):\n",
    "        points[:i] = np.dot(points[:i], poses[i].T)\n",
    "    return points\n",
    "        \n",
    "def transform2(poses):\n",
    "    points = poses[:,:,3]\n",
    "    return points\n",
    "    \n",
    "def plot_trajectory(points):\n",
    "    # remove y coordinate (we only use x and z to plot a view from above)\n",
    "    points = points[:, [0,2,3]]\n",
    "    # compute min and max\n",
    "    pmin = points.min(axis=0)\n",
    "    pmax = points.max(axis=0)\n",
    "    maxxy = max(pmax[0] - pmin[0], pmax[1] - pmin[1])\n",
    "\n",
    "    t = np.eye(3, dtype=np.float64)\n",
    "    t[0,0] = IMAGE_SIZE / maxxy\n",
    "    t[1,1] = -IMAGE_SIZE / maxxy\n",
    "    t[0,2] = -pmin[0] * IMAGE_SIZE / maxxy\n",
    "    t[1,2] = IMAGE_SIZE / maxxy + pmin[1] / maxxy + 100\n",
    "\n",
    "    return np.dot(points, t.T)\n",
    "    \n",
    "\n",
    "def plot_trajectory2(points):\n",
    "    # remove y coordinate (we only use x and z to plot a view from above)\n",
    "    points = points[:, [0,2,3]]\n",
    "    # compute min and max\n",
    "    pmin = points.min(axis=0)\n",
    "    pmax = points.max(axis=0)\n",
    "    maxxy = max(pmax[0] - pmin[0], pmax[1] - pmin[1]) * 1.01\n",
    "\n",
    "    t = np.eye(3, dtype=np.float64)\n",
    "    t[0,0] = IMAGE_SIZE / maxxy\n",
    "    t[1,1] = -IMAGE_SIZE / maxxy\n",
    "    t[0,2] = -pmin[0] * IMAGE_SIZE / maxxy\n",
    "    t[1,2] = IMAGE_SIZE / maxxy + pmin[1] / maxxy + 100\n",
    "    return np.dot(points, t.T)\n",
    "    \n",
    "def plot_trajectory3(points):\n",
    "    coords = []\n",
    "    minx = min([p[0] for p in points])\n",
    "    maxx = max([p[0] for p in points])\n",
    "    miny = min([p[2] for p in points])\n",
    "    maxy = max([p[2] for p in points])\n",
    "    maxxy = max(maxx - minx, maxy - miny)* 1.01\n",
    "\n",
    "    for p in points:\n",
    "        #print(p)\n",
    "        x = IMAGE_SIZE * (p[0] - minx) / (maxxy)\n",
    "        z = IMAGE_SIZE - IMAGE_SIZE * (p[2] - miny) / (maxxy)\n",
    "        coords.append([x, z])\n",
    "    return coords\n",
    "\n",
    "def new_image():\n",
    "    img = np.zeros((IMAGE_SIZE, IMAGE_SIZE, 3), np.uint8)\n",
    "    img[:] = 255 #or img.fill(255)\n",
    "    return img\n",
    "\n",
    "def draw(coords, img, color = (0,0,0)):\n",
    "    # Draw a black line with thickness of 2 px\n",
    "    for i in range(1,len(coords)):\n",
    "        cv2.line(img, (int(coords[i - 1][0]), int(coords[i - 1][1])), (int(coords[i][0]), int(coords[i][1])), color, 2)\n",
    "    return img"
   ]
  },
  {
   "cell_type": "markdown",
   "metadata": {},
   "source": [
    "Read the first 10 frames from KITTI sequence 00."
   ]
  },
  {
   "cell_type": "code",
   "execution_count": 2,
   "metadata": {},
   "outputs": [
    {
     "name": "stdout",
     "output_type": "stream",
     "text": [
      "CPU times: user 16.1 ms, sys: 4.36 ms, total: 20.4 ms\n",
      "Wall time: 19.3 ms\n"
     ]
    }
   ],
   "source": [
    "%%time\n",
    "LEFTDIR = '/data/urbinn/datasets/kitti/sequences/00/image_0'\n",
    "RIGHTDIR = '/data/urbinn/datasets/kitti/sequences/00/image_1'\n",
    "\n",
    "frame = []\n",
    "for filename in sorted(glob.glob(LEFTDIR + '/*')):\n",
    "    left_frame = Frame(filename, RIGHTDIR)\n",
    "    frame.append(left_frame)"
   ]
  },
  {
   "cell_type": "markdown",
   "metadata": {},
   "source": [
    "Add the frames to a sequence. By adjusting the [:] you can use only a slice of the list of frames."
   ]
  },
  {
   "cell_type": "code",
   "execution_count": 3,
   "metadata": {},
   "outputs": [
    {
     "name": "stderr",
     "output_type": "stream",
     "text": [
      "\r",
      "                                                                               \r",
      "\r",
      "N/A% (0 of 10) |                         | Elapsed Time: 0:00:00 ETA:  --:--:--"
     ]
    },
    {
     "name": "stdout",
     "output_type": "stream",
     "text": [
      "set_previous_keyframe 0\n"
     ]
    },
    {
     "name": "stderr",
     "output_type": "stream",
     "text": [
      "\r",
      "                                                                               \r",
      "\r",
      " 10% (1 of 10) |##                        | Elapsed Time: 0:00:03 ETA:  0:00:28"
     ]
    },
    {
     "name": "stdout",
     "output_type": "stream",
     "text": [
      "get_world_pose first  0\n",
      "set_previous_keyframe 1\n"
     ]
    },
    {
     "name": "stderr",
     "output_type": "stream",
     "text": [
      "\r",
      "                                                                               \r",
      "\r",
      " 20% (2 of 10) |#####                     | Elapsed Time: 0:00:07 ETA:  0:00:31"
     ]
    },
    {
     "name": "stdout",
     "output_type": "stream",
     "text": [
      "get_world_pose  1 [[ 0.99999046  0.00293558  0.00323566  0.00426642]\n",
      " [-0.00294161  0.99999394  0.00186303  0.00903174]\n",
      " [-0.00323017 -0.00187253  0.99999303 -0.66807213]\n",
      " [ 0.          0.          0.          1.        ]]\n",
      "set_previous_keyframe 2\n"
     ]
    },
    {
     "name": "stderr",
     "output_type": "stream",
     "text": [
      "\r",
      "                                                                               \r",
      "\r",
      " 30% (3 of 10) |#######                   | Elapsed Time: 0:00:12 ETA:  0:00:29"
     ]
    },
    {
     "name": "stdout",
     "output_type": "stream",
     "text": [
      "get_world_pose  2 [[  9.99967516e-01   2.52371587e-03   7.65491394e-03  -1.22179487e-03]\n",
      " [ -2.55528142e-03   9.99988262e-01   4.11659341e-03  -1.98766784e-04]\n",
      " [ -7.64443497e-03  -4.13602015e-03   9.99962227e-01  -1.38175463e+00]\n",
      " [  0.00000000e+00   0.00000000e+00   0.00000000e+00   1.00000000e+00]]\n",
      "set_previous_keyframe 3\n"
     ]
    },
    {
     "name": "stderr",
     "output_type": "stream",
     "text": [
      "\r",
      "                                                                               \r",
      "\r",
      " 40% (4 of 10) |##########                | Elapsed Time: 0:00:17 ETA:  0:00:25"
     ]
    },
    {
     "name": "stdout",
     "output_type": "stream",
     "text": [
      "get_world_pose  3 [[ 0.99989981  0.00302425  0.01382824 -0.04183987]\n",
      " [-0.00311021  0.99997595  0.00619906 -0.01642116]\n",
      " [-0.01380916 -0.00624145  0.99988517 -2.14111588]\n",
      " [ 0.          0.          0.          1.        ]]\n",
      "set_previous_keyframe 4\n"
     ]
    },
    {
     "name": "stderr",
     "output_type": "stream",
     "text": [
      "\r",
      "                                                                               \r",
      "\r",
      " 50% (5 of 10) |#############             | Elapsed Time: 0:00:21 ETA:  0:00:21"
     ]
    },
    {
     "name": "stdout",
     "output_type": "stream",
     "text": [
      "get_world_pose  4 [[  9.99801953e-01   2.13639834e-03   1.97861327e-02  -6.37486205e-02]\n",
      " [ -2.26600917e-03   9.99976109e-01   6.53048744e-03  -1.96989659e-02]\n",
      " [ -1.97717083e-02  -6.57402965e-03   9.99782907e-01  -2.89887472e+00]\n",
      " [  0.00000000e+00   0.00000000e+00   0.00000000e+00   1.00000000e+00]]\n",
      "set_previous_keyframe 5\n"
     ]
    },
    {
     "name": "stderr",
     "output_type": "stream",
     "text": [
      "\r",
      "                                                                               \r",
      "\r",
      " 60% (6 of 10) |###############           | Elapsed Time: 0:00:26 ETA:  0:00:17"
     ]
    },
    {
     "name": "stdout",
     "output_type": "stream",
     "text": [
      "get_world_pose  5 [[  9.99704719e-01   2.38051680e-03   2.41828091e-02  -7.62729322e-02]\n",
      " [ -2.52586418e-03   9.99978920e-01   5.98159307e-03  -6.37084347e-03]\n",
      " [ -2.41680600e-02  -6.04090931e-03   9.99689658e-01  -3.65982936e+00]\n",
      " [  0.00000000e+00   0.00000000e+00   0.00000000e+00   1.00000000e+00]]\n",
      "set_previous_keyframe 6\n"
     ]
    },
    {
     "name": "stderr",
     "output_type": "stream",
     "text": [
      "\r",
      "                                                                               \r",
      "\r",
      " 70% (7 of 10) |##################        | Elapsed Time: 0:00:31 ETA:  0:00:13"
     ]
    },
    {
     "name": "stdout",
     "output_type": "stream",
     "text": [
      "get_world_pose  6 [[  9.99517381e-01   1.81807354e-03   3.10112884e-02  -1.38321883e-01]\n",
      " [ -1.98311339e-03   9.99984031e-01   5.29200186e-03   3.13333300e-02]\n",
      " [ -3.10011720e-02  -5.35094674e-03   9.99505025e-01  -4.42934148e+00]\n",
      " [  0.00000000e+00   0.00000000e+00   0.00000000e+00   1.00000000e+00]]\n",
      "set_previous_keyframe 7\n"
     ]
    },
    {
     "name": "stderr",
     "output_type": "stream",
     "text": [
      "\r",
      "                                                                               \r",
      "\r",
      " 80% (8 of 10) |####################      | Elapsed Time: 0:00:35 ETA:  0:00:08"
     ]
    },
    {
     "name": "stdout",
     "output_type": "stream",
     "text": [
      "get_world_pose  7 [[  9.99267799e-01  -3.85543517e-05   3.82604936e-02  -2.10637330e-01]\n",
      " [ -1.17481041e-04   9.99991686e-01   4.07598120e-03   7.19808697e-02]\n",
      " [ -3.82603326e-02  -4.07749164e-03   9.99259486e-01  -5.24187944e+00]\n",
      " [  0.00000000e+00   0.00000000e+00   0.00000000e+00   1.00000000e+00]]\n",
      "set_previous_keyframe 8\n"
     ]
    },
    {
     "name": "stderr",
     "output_type": "stream",
     "text": [
      "\r",
      "                                                                               \r",
      "\r",
      " 90% (9 of 10) |#######################   | Elapsed Time: 0:00:40 ETA:  0:00:04"
     ]
    },
    {
     "name": "stdout",
     "output_type": "stream",
     "text": [
      "get_world_pose  8 [[  9.99033995e-01  -6.61531321e-04   4.39390326e-02  -2.57535960e-01]\n",
      " [  5.75188633e-04   9.99997879e-01   1.97767030e-03   7.80220597e-02]\n",
      " [ -4.39402477e-02  -1.95048663e-03   9.99032257e-01  -6.05330803e+00]\n",
      " [  0.00000000e+00   0.00000000e+00   0.00000000e+00   1.00000000e+00]]\n",
      "set_previous_keyframe 9\n"
     ]
    },
    {
     "name": "stderr",
     "output_type": "stream",
     "text": [
      "100% (10 of 10) |#########################| Elapsed Time: 0:00:44 Time: 0:00:44\n"
     ]
    },
    {
     "name": "stdout",
     "output_type": "stream",
     "text": [
      "get_world_pose  9 [[  9.98605050e-01  -4.43153272e-03   5.26147835e-02  -5.08642685e-01]\n",
      " [  4.61097433e-03   9.99983959e-01  -3.28958151e-03   1.54724419e-01]\n",
      " [ -5.25993616e-02   3.52759812e-03   9.98609465e-01  -6.50052003e+00]\n",
      " [  0.00000000e+00   0.00000000e+00   0.00000000e+00   1.00000000e+00]]\n"
     ]
    }
   ],
   "source": [
    "seq = Sequence()\n",
    "for f in ProgressBar()(frame[:10]):\n",
    "    seq.add_keyframe(f)"
   ]
  },
  {
   "cell_type": "markdown",
   "metadata": {},
   "source": [
    "Example of how to save a set of covisible keyframes, fixed keyframes, mappoints and edges to use for local bundle adjustment"
   ]
  },
  {
   "cell_type": "code",
   "execution_count": 4,
   "metadata": {},
   "outputs": [
    {
     "data": {
      "text/plain": [
       "1124"
      ]
     },
     "execution_count": 4,
     "metadata": {},
     "output_type": "execute_result"
    }
   ],
   "source": [
    "len(frame[5].get_observations())"
   ]
  },
  {
   "cell_type": "code",
   "execution_count": 5,
   "metadata": {},
   "outputs": [
    {
     "data": {
      "text/plain": [
       "[1,\n",
       " 1,\n",
       " 1,\n",
       " 1,\n",
       " 1,\n",
       " 1,\n",
       " 2,\n",
       " 1,\n",
       " 1,\n",
       " 1,\n",
       " 1,\n",
       " 1,\n",
       " 1,\n",
       " 1,\n",
       " 2,\n",
       " 1,\n",
       " 1,\n",
       " 1,\n",
       " 1,\n",
       " 1,\n",
       " 1,\n",
       " 1,\n",
       " 1,\n",
       " 1,\n",
       " 1,\n",
       " 1,\n",
       " 2,\n",
       " 1,\n",
       " 1,\n",
       " 1,\n",
       " 1,\n",
       " 3,\n",
       " 2,\n",
       " 1,\n",
       " 1,\n",
       " 2,\n",
       " 1,\n",
       " 1,\n",
       " 1,\n",
       " 3,\n",
       " 4,\n",
       " 1,\n",
       " 2,\n",
       " 6,\n",
       " 1,\n",
       " 1,\n",
       " 3,\n",
       " 4,\n",
       " 4,\n",
       " 2,\n",
       " 2,\n",
       " 1,\n",
       " 3,\n",
       " 3,\n",
       " 1,\n",
       " 4,\n",
       " 2,\n",
       " 3,\n",
       " 2,\n",
       " 1,\n",
       " 1,\n",
       " 3,\n",
       " 3,\n",
       " 3,\n",
       " 3,\n",
       " 2,\n",
       " 3,\n",
       " 3,\n",
       " 2,\n",
       " 10,\n",
       " 1,\n",
       " 2,\n",
       " 3,\n",
       " 2,\n",
       " 2,\n",
       " 2,\n",
       " 1,\n",
       " 1,\n",
       " 2,\n",
       " 2,\n",
       " 1,\n",
       " 3,\n",
       " 2,\n",
       " 3,\n",
       " 4,\n",
       " 5,\n",
       " 4,\n",
       " 2,\n",
       " 1,\n",
       " 3,\n",
       " 1,\n",
       " 3,\n",
       " 9,\n",
       " 4,\n",
       " 2,\n",
       " 2,\n",
       " 2,\n",
       " 5,\n",
       " 1,\n",
       " 1,\n",
       " 2,\n",
       " 3,\n",
       " 4,\n",
       " 1,\n",
       " 6,\n",
       " 2,\n",
       " 5,\n",
       " 1,\n",
       " 1,\n",
       " 2,\n",
       " 3,\n",
       " 4,\n",
       " 2,\n",
       " 10,\n",
       " 2,\n",
       " 7,\n",
       " 2,\n",
       " 4,\n",
       " 5,\n",
       " 1,\n",
       " 2,\n",
       " 1,\n",
       " 3,\n",
       " 3,\n",
       " 3,\n",
       " 1,\n",
       " 1,\n",
       " 2,\n",
       " 2,\n",
       " 1,\n",
       " 1,\n",
       " 1,\n",
       " 4,\n",
       " 1,\n",
       " 4,\n",
       " 2,\n",
       " 2,\n",
       " 4,\n",
       " 3,\n",
       " 10,\n",
       " 1,\n",
       " 1,\n",
       " 4,\n",
       " 1,\n",
       " 4,\n",
       " 3,\n",
       " 2,\n",
       " 2,\n",
       " 1,\n",
       " 1,\n",
       " 5,\n",
       " 2,\n",
       " 2,\n",
       " 4,\n",
       " 3,\n",
       " 2,\n",
       " 1,\n",
       " 2,\n",
       " 2,\n",
       " 3,\n",
       " 2,\n",
       " 3,\n",
       " 4,\n",
       " 2,\n",
       " 4,\n",
       " 1,\n",
       " 3,\n",
       " 1,\n",
       " 2,\n",
       " 1,\n",
       " 2,\n",
       " 2,\n",
       " 1,\n",
       " 1,\n",
       " 1,\n",
       " 5,\n",
       " 2,\n",
       " 3,\n",
       " 2,\n",
       " 1,\n",
       " 2,\n",
       " 3,\n",
       " 2,\n",
       " 6,\n",
       " 1,\n",
       " 2,\n",
       " 5,\n",
       " 3,\n",
       " 10,\n",
       " 2,\n",
       " 2,\n",
       " 3,\n",
       " 2,\n",
       " 1,\n",
       " 2,\n",
       " 2,\n",
       " 1,\n",
       " 10,\n",
       " 5,\n",
       " 2,\n",
       " 4,\n",
       " 3,\n",
       " 4,\n",
       " 2,\n",
       " 3,\n",
       " 3,\n",
       " 2,\n",
       " 9,\n",
       " 1,\n",
       " 5,\n",
       " 1,\n",
       " 1,\n",
       " 2,\n",
       " 2,\n",
       " 2,\n",
       " 4,\n",
       " 5,\n",
       " 2,\n",
       " 5,\n",
       " 1,\n",
       " 5,\n",
       " 2,\n",
       " 1,\n",
       " 3,\n",
       " 1,\n",
       " 2,\n",
       " 1,\n",
       " 2,\n",
       " 1,\n",
       " 3,\n",
       " 1,\n",
       " 1,\n",
       " 2,\n",
       " 9,\n",
       " 2,\n",
       " 2,\n",
       " 5,\n",
       " 1,\n",
       " 2,\n",
       " 1,\n",
       " 2,\n",
       " 1,\n",
       " 4,\n",
       " 1,\n",
       " 4,\n",
       " 2,\n",
       " 2,\n",
       " 10,\n",
       " 1,\n",
       " 2,\n",
       " 2,\n",
       " 4,\n",
       " 2,\n",
       " 2,\n",
       " 1,\n",
       " 3,\n",
       " 2,\n",
       " 2,\n",
       " 6,\n",
       " 1,\n",
       " 2,\n",
       " 2,\n",
       " 3,\n",
       " 2,\n",
       " 2,\n",
       " 1,\n",
       " 1,\n",
       " 1,\n",
       " 4,\n",
       " 1,\n",
       " 1,\n",
       " 2,\n",
       " 10,\n",
       " 2,\n",
       " 1,\n",
       " 2,\n",
       " 2,\n",
       " 2,\n",
       " 2,\n",
       " 2,\n",
       " 2,\n",
       " 1,\n",
       " 1,\n",
       " 2,\n",
       " 2,\n",
       " 5,\n",
       " 2,\n",
       " 1,\n",
       " 2,\n",
       " 1,\n",
       " 2,\n",
       " 2,\n",
       " 2,\n",
       " 1,\n",
       " 2,\n",
       " 3,\n",
       " 2,\n",
       " 1,\n",
       " 1,\n",
       " 2,\n",
       " 4,\n",
       " 2,\n",
       " 2,\n",
       " 1,\n",
       " 6,\n",
       " 3,\n",
       " 1,\n",
       " 1,\n",
       " 2,\n",
       " 1,\n",
       " 3,\n",
       " 1,\n",
       " 4,\n",
       " 1,\n",
       " 1,\n",
       " 1,\n",
       " 2,\n",
       " 2,\n",
       " 3,\n",
       " 1,\n",
       " 1,\n",
       " 2,\n",
       " 8,\n",
       " 2,\n",
       " 1,\n",
       " 2,\n",
       " 1,\n",
       " 2,\n",
       " 2,\n",
       " 2,\n",
       " 1,\n",
       " 2,\n",
       " 1,\n",
       " 1,\n",
       " 2,\n",
       " 1,\n",
       " 2,\n",
       " 3,\n",
       " 2,\n",
       " 1,\n",
       " 8,\n",
       " 4,\n",
       " 2,\n",
       " 1,\n",
       " 2,\n",
       " 1,\n",
       " 6,\n",
       " 2,\n",
       " 1,\n",
       " 4,\n",
       " 2,\n",
       " 2,\n",
       " 1,\n",
       " 8,\n",
       " 1,\n",
       " 1,\n",
       " 1,\n",
       " 1,\n",
       " 2,\n",
       " 1,\n",
       " 4,\n",
       " 5,\n",
       " 3,\n",
       " 2,\n",
       " 4,\n",
       " 2,\n",
       " 3,\n",
       " 5,\n",
       " 2,\n",
       " 2,\n",
       " 4,\n",
       " 1,\n",
       " 5,\n",
       " 2,\n",
       " 4,\n",
       " 2,\n",
       " 1,\n",
       " 2,\n",
       " 2,\n",
       " 2,\n",
       " 1,\n",
       " 7,\n",
       " 1,\n",
       " 1,\n",
       " 1,\n",
       " 2,\n",
       " 5,\n",
       " 1,\n",
       " 2,\n",
       " 2,\n",
       " 3,\n",
       " 2,\n",
       " 4,\n",
       " 1,\n",
       " 1,\n",
       " 1,\n",
       " 1,\n",
       " 4,\n",
       " 1,\n",
       " 4,\n",
       " 2,\n",
       " 2,\n",
       " 2,\n",
       " 2,\n",
       " 2,\n",
       " 2,\n",
       " 1,\n",
       " 1,\n",
       " 1,\n",
       " 2,\n",
       " 4,\n",
       " 4,\n",
       " 1,\n",
       " 1,\n",
       " 4,\n",
       " 1,\n",
       " 3,\n",
       " 2,\n",
       " 1,\n",
       " 1,\n",
       " 2,\n",
       " 2,\n",
       " 2,\n",
       " 2,\n",
       " 1,\n",
       " 8,\n",
       " 8,\n",
       " 1,\n",
       " 2,\n",
       " 3,\n",
       " 3,\n",
       " 3,\n",
       " 1,\n",
       " 1,\n",
       " 1,\n",
       " 5,\n",
       " 2,\n",
       " 2,\n",
       " 3,\n",
       " 5,\n",
       " 3,\n",
       " 3,\n",
       " 3,\n",
       " 3,\n",
       " 1,\n",
       " 1,\n",
       " 4,\n",
       " 1,\n",
       " 1,\n",
       " 2,\n",
       " 8,\n",
       " 9,\n",
       " 1,\n",
       " 5,\n",
       " 2,\n",
       " 2,\n",
       " 1,\n",
       " 1,\n",
       " 2,\n",
       " 6,\n",
       " 4,\n",
       " 1,\n",
       " 2,\n",
       " 2,\n",
       " 1,\n",
       " 2,\n",
       " 2,\n",
       " 3,\n",
       " 3,\n",
       " 3,\n",
       " 2,\n",
       " 2,\n",
       " 1,\n",
       " 4,\n",
       " 1,\n",
       " 2,\n",
       " 4,\n",
       " 4,\n",
       " 1,\n",
       " 1,\n",
       " 5,\n",
       " 1,\n",
       " 3,\n",
       " 2,\n",
       " 3,\n",
       " 3,\n",
       " 2,\n",
       " 2,\n",
       " 1,\n",
       " 4,\n",
       " 2,\n",
       " 6,\n",
       " 1,\n",
       " 2,\n",
       " 2,\n",
       " 3,\n",
       " 5,\n",
       " 2,\n",
       " 2,\n",
       " 3,\n",
       " 2,\n",
       " 1,\n",
       " 5,\n",
       " 2,\n",
       " 1,\n",
       " 3,\n",
       " 2,\n",
       " 3,\n",
       " 1,\n",
       " 2,\n",
       " 3,\n",
       " 1,\n",
       " 2,\n",
       " 1,\n",
       " 1,\n",
       " 6,\n",
       " 3,\n",
       " 1,\n",
       " 2,\n",
       " 5,\n",
       " 3,\n",
       " 1,\n",
       " 3,\n",
       " 1,\n",
       " 5,\n",
       " 8,\n",
       " 1,\n",
       " 4,\n",
       " 1,\n",
       " 1,\n",
       " 2,\n",
       " 2,\n",
       " 2,\n",
       " 1,\n",
       " 5,\n",
       " 2,\n",
       " 1,\n",
       " 2,\n",
       " 1,\n",
       " 1,\n",
       " 2,\n",
       " 1,\n",
       " 3,\n",
       " 3,\n",
       " 2,\n",
       " 1,\n",
       " 7,\n",
       " 4,\n",
       " 1,\n",
       " 3,\n",
       " 4,\n",
       " 2,\n",
       " 1,\n",
       " 2,\n",
       " 3,\n",
       " 4,\n",
       " 2,\n",
       " 3,\n",
       " 4,\n",
       " 4,\n",
       " 2,\n",
       " 4,\n",
       " 2,\n",
       " 4,\n",
       " 3,\n",
       " 1,\n",
       " 2,\n",
       " 1,\n",
       " 1,\n",
       " 2,\n",
       " 4,\n",
       " 1,\n",
       " 1,\n",
       " 2,\n",
       " 3,\n",
       " 4,\n",
       " 5,\n",
       " 6,\n",
       " 1,\n",
       " 3,\n",
       " 1,\n",
       " 3,\n",
       " 2,\n",
       " 3,\n",
       " 5,\n",
       " 1,\n",
       " 1,\n",
       " 2,\n",
       " 2,\n",
       " 8,\n",
       " 1,\n",
       " 1,\n",
       " 1,\n",
       " 1,\n",
       " 2,\n",
       " 2,\n",
       " 3,\n",
       " 1,\n",
       " 2,\n",
       " 2,\n",
       " 2,\n",
       " 1,\n",
       " 3,\n",
       " 2,\n",
       " 1,\n",
       " 2,\n",
       " 2,\n",
       " 1,\n",
       " 3,\n",
       " 3,\n",
       " 1,\n",
       " 1,\n",
       " 4,\n",
       " 4,\n",
       " 2,\n",
       " 2,\n",
       " 1,\n",
       " 1,\n",
       " 5,\n",
       " 1,\n",
       " 1,\n",
       " 2,\n",
       " 2,\n",
       " 1,\n",
       " 3,\n",
       " 3,\n",
       " 1,\n",
       " 1,\n",
       " 1,\n",
       " 1,\n",
       " 1,\n",
       " 1,\n",
       " 4,\n",
       " 2,\n",
       " 5,\n",
       " 2,\n",
       " 3,\n",
       " 1,\n",
       " 2,\n",
       " 1,\n",
       " 1,\n",
       " 3,\n",
       " 1,\n",
       " 1,\n",
       " 1,\n",
       " 2,\n",
       " 1,\n",
       " 1,\n",
       " 2,\n",
       " 2,\n",
       " 8,\n",
       " 2,\n",
       " 2,\n",
       " 2,\n",
       " 1,\n",
       " 4,\n",
       " 1,\n",
       " 1,\n",
       " 4,\n",
       " 3,\n",
       " 1,\n",
       " 1,\n",
       " 2,\n",
       " 1,\n",
       " 1,\n",
       " 1,\n",
       " 4,\n",
       " 2,\n",
       " 1,\n",
       " 8,\n",
       " 3,\n",
       " 1,\n",
       " 9,\n",
       " 2,\n",
       " 2,\n",
       " 3,\n",
       " 5,\n",
       " 2,\n",
       " 3,\n",
       " 5,\n",
       " 3,\n",
       " 1,\n",
       " 5,\n",
       " 2,\n",
       " 2,\n",
       " 6,\n",
       " 2,\n",
       " 1,\n",
       " 2,\n",
       " 2,\n",
       " 1,\n",
       " 2,\n",
       " 5,\n",
       " 6,\n",
       " 4,\n",
       " 3,\n",
       " 2,\n",
       " 3,\n",
       " 1,\n",
       " 3,\n",
       " 2,\n",
       " 1,\n",
       " 1,\n",
       " 2,\n",
       " 3,\n",
       " 1,\n",
       " 7,\n",
       " 1,\n",
       " 2,\n",
       " 2,\n",
       " 4,\n",
       " 3,\n",
       " 3,\n",
       " 3,\n",
       " 2,\n",
       " 3,\n",
       " 2,\n",
       " 1,\n",
       " 1,\n",
       " 9,\n",
       " 3,\n",
       " 6,\n",
       " 6,\n",
       " 4,\n",
       " 1,\n",
       " 1,\n",
       " 1,\n",
       " 3,\n",
       " 1,\n",
       " 1,\n",
       " 1,\n",
       " 1,\n",
       " 2,\n",
       " 2,\n",
       " 1,\n",
       " 1,\n",
       " 3,\n",
       " 1,\n",
       " 3,\n",
       " 1,\n",
       " 1,\n",
       " 3,\n",
       " 1,\n",
       " 1,\n",
       " 4,\n",
       " 1,\n",
       " 2,\n",
       " 1,\n",
       " 9,\n",
       " 5,\n",
       " 1,\n",
       " 5,\n",
       " 3,\n",
       " 2,\n",
       " 2,\n",
       " 1,\n",
       " 2,\n",
       " 8,\n",
       " 4,\n",
       " 3,\n",
       " 2,\n",
       " 4,\n",
       " 4,\n",
       " 4,\n",
       " 8,\n",
       " 3,\n",
       " 4,\n",
       " 5,\n",
       " 1,\n",
       " 4,\n",
       " 1,\n",
       " 1,\n",
       " 1,\n",
       " 3,\n",
       " 2,\n",
       " 1,\n",
       " 2,\n",
       " 5,\n",
       " 3,\n",
       " 4,\n",
       " 2,\n",
       " 4,\n",
       " 1,\n",
       " 1,\n",
       " 4,\n",
       " 4,\n",
       " 6,\n",
       " 3,\n",
       " 1,\n",
       " 1,\n",
       " 1,\n",
       " 3,\n",
       " 1,\n",
       " 3,\n",
       " 1,\n",
       " 3,\n",
       " 2,\n",
       " 2,\n",
       " 1,\n",
       " 1,\n",
       " 1,\n",
       " 4,\n",
       " 2,\n",
       " 1,\n",
       " 1,\n",
       " 1,\n",
       " 1,\n",
       " 4,\n",
       " 1,\n",
       " 4,\n",
       " 1,\n",
       " 2,\n",
       " 4,\n",
       " 1,\n",
       " 3,\n",
       " 1,\n",
       " 1,\n",
       " 1,\n",
       " 2,\n",
       " 3,\n",
       " 4,\n",
       " 2,\n",
       " 1,\n",
       " 3,\n",
       " 3,\n",
       " 4,\n",
       " 4,\n",
       " 3,\n",
       " 1,\n",
       " 3,\n",
       " 2,\n",
       " 1,\n",
       " 2,\n",
       " 6,\n",
       " 4,\n",
       " 2,\n",
       " 2,\n",
       " 1,\n",
       " 2,\n",
       " 3,\n",
       " 1,\n",
       " 1,\n",
       " 1,\n",
       " 4,\n",
       " 1,\n",
       " 1,\n",
       " 3,\n",
       " 2,\n",
       " 1,\n",
       " 1,\n",
       " 3,\n",
       " 4,\n",
       " 3,\n",
       " 3,\n",
       " 2,\n",
       " 1,\n",
       " 1,\n",
       " 1,\n",
       " 4,\n",
       " 3,\n",
       " 1,\n",
       " 2,\n",
       " 2,\n",
       " 2,\n",
       " 1,\n",
       " 2,\n",
       " 1,\n",
       " 1,\n",
       " 2,\n",
       " 1,\n",
       " 2,\n",
       " 4,\n",
       " 4,\n",
       " 1,\n",
       " 2,\n",
       " 6,\n",
       " 1,\n",
       " 2,\n",
       " 1,\n",
       " 2,\n",
       " 3,\n",
       " 1,\n",
       " 3,\n",
       " 1,\n",
       " 8,\n",
       " 2,\n",
       " 1,\n",
       " 3,\n",
       " 1,\n",
       " 3,\n",
       " 1,\n",
       " 5,\n",
       " 1,\n",
       " 2,\n",
       " 2,\n",
       " 1,\n",
       " 5,\n",
       " 2,\n",
       " 1,\n",
       " 1,\n",
       " 1,\n",
       " 5,\n",
       " 2,\n",
       " 3,\n",
       " 1,\n",
       " 1,\n",
       " 1,\n",
       " 1,\n",
       " 9,\n",
       " 2,\n",
       " 2,\n",
       " 1,\n",
       " 3,\n",
       " 1,\n",
       " 3,\n",
       " 1,\n",
       " 4,\n",
       " 2,\n",
       " 4,\n",
       " 1,\n",
       " 1,\n",
       " 4,\n",
       " 2,\n",
       " 2,\n",
       " 2,\n",
       " 1,\n",
       " 2,\n",
       " 3,\n",
       " 1,\n",
       " 1,\n",
       " 4,\n",
       " 2,\n",
       " 1,\n",
       " 1,\n",
       " 2,\n",
       " 2,\n",
       " 5,\n",
       " 1,\n",
       " 1,\n",
       " 2,\n",
       " 1,\n",
       " 1,\n",
       " 3,\n",
       " 3,\n",
       " 1,\n",
       " 2,\n",
       " 6,\n",
       " 4,\n",
       " 1,\n",
       " 1,\n",
       " 2,\n",
       " 1,\n",
       " 1,\n",
       " 2,\n",
       " 1,\n",
       " 1,\n",
       " 1,\n",
       " 1,\n",
       " 3,\n",
       " 1,\n",
       " 1,\n",
       " 7,\n",
       " 1,\n",
       " 2,\n",
       " 3,\n",
       " 3,\n",
       " 1,\n",
       " 1,\n",
       " 1,\n",
       " 5,\n",
       " 1,\n",
       " 3,\n",
       " 1,\n",
       " 3,\n",
       " 3,\n",
       " 3,\n",
       " 2,\n",
       " 5,\n",
       " 1,\n",
       " 1,\n",
       " 1,\n",
       " 3,\n",
       " 1,\n",
       " 1,\n",
       " 3,\n",
       " 1,\n",
       " 2,\n",
       " 1,\n",
       " 1,\n",
       " 1,\n",
       " 2,\n",
       " 4,\n",
       " 1,\n",
       " 1,\n",
       " 3,\n",
       " 2,\n",
       " 1,\n",
       " 4,\n",
       " 2,\n",
       " 9,\n",
       " ...]"
      ]
     },
     "execution_count": 5,
     "metadata": {},
     "output_type": "execute_result"
    }
   ],
   "source": [
    "mp1 = [o.mappoint for o in frame[1].get_observations() if o.mappoint is not None]\n",
    "[len(m.observations) for m in mp1]"
   ]
  },
  {
   "cell_type": "code",
   "execution_count": 6,
   "metadata": {},
   "outputs": [
    {
     "name": "stdout",
     "output_type": "stream",
     "text": [
      "Keyframes count\n",
      " 10 \n",
      "\n",
      "mappoints count  \n",
      " (2255, '\\n')\n",
      "mappoints \n",
      " [[  2.76000000e+03  -5.97239311e-02   1.71355868e+00   7.01923192e+00\n",
      "    1.00000000e+00]\n",
      " [  3.12300000e+03   9.24783320e-01  -3.33570548e+00   1.53415012e+01\n",
      "    1.00000000e+00]\n",
      " [  3.12500000e+03   1.25993456e+01  -2.92500250e+00   1.37862652e+01\n",
      "    1.00000000e+00]\n",
      " ..., \n",
      " [  3.25800000e+03   2.62423993e+00   6.69894058e-01  -1.15867874e-02\n",
      "    1.00000000e+00]\n",
      " [  3.26000000e+02  -1.56450115e+01  -3.87756988e+00   9.92685610e+01\n",
      "    1.00000000e+00]\n",
      " [  7.35000000e+02  -2.44132639e+00   9.18480779e-01   2.46508372e+01\n",
      "    1.00000000e+00]] \n",
      "\n",
      "links count  \n",
      " (6526, '\\n')\n",
      "links \n",
      " [[  2.76000000e+03   4.00000000e+00   5.93000000e+02   3.06000000e+02]\n",
      " [  2.76000000e+03   3.00000000e+00   5.90000000e+02   2.97000000e+02]\n",
      " [  3.12300000e+03   5.00000000e+00   6.28000000e+02   5.50000000e+01]\n",
      " ..., \n",
      " [  3.26000000e+02   3.00000000e+00   4.80000000e+02   1.53000000e+02]\n",
      " [  7.35000000e+02   0.00000000e+00   5.36000000e+02   2.12000000e+02]\n",
      " [  7.35000000e+02   1.00000000e+00   5.38000000e+02   2.13000000e+02]] \n",
      "\n",
      "Keyframes \n",
      " [<src.frame.Frame object at 0x7fcef9f574a8>, <src.frame.Frame object at 0x7fcef42663c8>, <src.frame.Frame object at 0x7fcef96e1e80>, <src.frame.Frame object at 0x7fcef96e1ef0>, <src.frame.Frame object at 0x7fcef4210748>, <src.frame.Frame object at 0x7fcef42107b8>, <src.frame.Frame object at 0x7fcef4210898>, <src.frame.Frame object at 0x7fcef42108d0>, <src.frame.Frame object at 0x7fcef4210860>, <src.frame.Frame object at 0x7fcef42107f0>] \n",
      "\n",
      "Keyframes numpy \n",
      " [[  1.00000000e+00   0.00000000e+00   0.00000000e+00   0.00000000e+00\n",
      "    0.00000000e+00   1.00000000e+00   0.00000000e+00   0.00000000e+00\n",
      "    0.00000000e+00   0.00000000e+00   1.00000000e+00   0.00000000e+00\n",
      "    0.00000000e+00   0.00000000e+00   0.00000000e+00   1.00000000e+00]\n",
      " [  9.99990456e-01   2.93557633e-03   3.23566172e-03   4.26641938e-03\n",
      "   -2.94161476e-03   9.99993938e-01   1.86303350e-03   9.03173834e-03\n",
      "   -3.23017303e-03  -1.87253379e-03   9.99993030e-01  -6.68072130e-01\n",
      "    0.00000000e+00   0.00000000e+00   0.00000000e+00   1.00000000e+00]\n",
      " [  9.99967516e-01   2.52371587e-03   7.65491394e-03  -1.22179487e-03\n",
      "   -2.55528142e-03   9.99988262e-01   4.11659341e-03  -1.98766784e-04\n",
      "   -7.64443497e-03  -4.13602015e-03   9.99962227e-01  -1.38175463e+00\n",
      "    0.00000000e+00   0.00000000e+00   0.00000000e+00   1.00000000e+00]\n",
      " [  9.99899812e-01   3.02424896e-03   1.38282397e-02  -4.18398732e-02\n",
      "   -3.11020998e-03   9.99975949e-01   6.19906427e-03  -1.64211618e-02\n",
      "   -1.38091596e-02  -6.24145193e-03   9.99885169e-01  -2.14111588e+00\n",
      "    0.00000000e+00   0.00000000e+00   0.00000000e+00   1.00000000e+00]\n",
      " [  9.99801953e-01   2.13639834e-03   1.97861327e-02  -6.37486205e-02\n",
      "   -2.26600917e-03   9.99976109e-01   6.53048744e-03  -1.96989659e-02\n",
      "   -1.97717083e-02  -6.57402965e-03   9.99782907e-01  -2.89887472e+00\n",
      "    0.00000000e+00   0.00000000e+00   0.00000000e+00   1.00000000e+00]\n",
      " [  9.99704719e-01   2.38051680e-03   2.41828091e-02  -7.62729322e-02\n",
      "   -2.52586418e-03   9.99978920e-01   5.98159307e-03  -6.37084347e-03\n",
      "   -2.41680600e-02  -6.04090931e-03   9.99689658e-01  -3.65982936e+00\n",
      "    0.00000000e+00   0.00000000e+00   0.00000000e+00   1.00000000e+00]\n",
      " [  9.99517381e-01   1.81807354e-03   3.10112884e-02  -1.38321883e-01\n",
      "   -1.98311339e-03   9.99984031e-01   5.29200186e-03   3.13333300e-02\n",
      "   -3.10011720e-02  -5.35094674e-03   9.99505025e-01  -4.42934148e+00\n",
      "    0.00000000e+00   0.00000000e+00   0.00000000e+00   1.00000000e+00]\n",
      " [  9.99267799e-01  -3.85543517e-05   3.82604936e-02  -2.10637330e-01\n",
      "   -1.17481041e-04   9.99991686e-01   4.07598120e-03   7.19808697e-02\n",
      "   -3.82603326e-02  -4.07749164e-03   9.99259486e-01  -5.24187944e+00\n",
      "    0.00000000e+00   0.00000000e+00   0.00000000e+00   1.00000000e+00]\n",
      " [  9.99033995e-01  -6.61531321e-04   4.39390326e-02  -2.57535960e-01\n",
      "    5.75188633e-04   9.99997879e-01   1.97767030e-03   7.80220597e-02\n",
      "   -4.39402477e-02  -1.95048663e-03   9.99032257e-01  -6.05330803e+00\n",
      "    0.00000000e+00   0.00000000e+00   0.00000000e+00   1.00000000e+00]\n",
      " [  9.98605050e-01  -4.43153272e-03   5.26147835e-02  -5.08642685e-01\n",
      "    4.61097433e-03   9.99983959e-01  -3.28958151e-03   1.54724419e-01\n",
      "   -5.25993616e-02   3.52759812e-03   9.98609465e-01  -6.50052003e+00\n",
      "    0.00000000e+00   0.00000000e+00   0.00000000e+00   1.00000000e+00]] \n",
      "\n",
      "mappoints len \n",
      " 2255 \n",
      "\n",
      "Fixed Keyframes \n",
      " [] \n",
      "\n",
      "Keyframes before BA \n",
      " [[  1.00000000e+00   0.00000000e+00   0.00000000e+00   0.00000000e+00\n",
      "    0.00000000e+00   1.00000000e+00   0.00000000e+00   0.00000000e+00\n",
      "    0.00000000e+00   0.00000000e+00   1.00000000e+00   0.00000000e+00\n",
      "    0.00000000e+00   0.00000000e+00   0.00000000e+00   1.00000000e+00]\n",
      " [  9.99990456e-01   2.93557633e-03   3.23566172e-03   4.26641938e-03\n",
      "   -2.94161476e-03   9.99993938e-01   1.86303350e-03   9.03173834e-03\n",
      "   -3.23017303e-03  -1.87253379e-03   9.99993030e-01  -6.68072130e-01\n",
      "    0.00000000e+00   0.00000000e+00   0.00000000e+00   1.00000000e+00]\n",
      " [  9.99967516e-01   2.52371587e-03   7.65491394e-03  -1.22179487e-03\n",
      "   -2.55528142e-03   9.99988262e-01   4.11659341e-03  -1.98766784e-04\n",
      "   -7.64443497e-03  -4.13602015e-03   9.99962227e-01  -1.38175463e+00\n",
      "    0.00000000e+00   0.00000000e+00   0.00000000e+00   1.00000000e+00]\n",
      " [  9.99899812e-01   3.02424896e-03   1.38282397e-02  -4.18398732e-02\n",
      "   -3.11020998e-03   9.99975949e-01   6.19906427e-03  -1.64211618e-02\n",
      "   -1.38091596e-02  -6.24145193e-03   9.99885169e-01  -2.14111588e+00\n",
      "    0.00000000e+00   0.00000000e+00   0.00000000e+00   1.00000000e+00]\n",
      " [  9.99801953e-01   2.13639834e-03   1.97861327e-02  -6.37486205e-02\n",
      "   -2.26600917e-03   9.99976109e-01   6.53048744e-03  -1.96989659e-02\n",
      "   -1.97717083e-02  -6.57402965e-03   9.99782907e-01  -2.89887472e+00\n",
      "    0.00000000e+00   0.00000000e+00   0.00000000e+00   1.00000000e+00]\n",
      " [  9.99704719e-01   2.38051680e-03   2.41828091e-02  -7.62729322e-02\n",
      "   -2.52586418e-03   9.99978920e-01   5.98159307e-03  -6.37084347e-03\n",
      "   -2.41680600e-02  -6.04090931e-03   9.99689658e-01  -3.65982936e+00\n",
      "    0.00000000e+00   0.00000000e+00   0.00000000e+00   1.00000000e+00]\n",
      " [  9.99517381e-01   1.81807354e-03   3.10112884e-02  -1.38321883e-01\n",
      "   -1.98311339e-03   9.99984031e-01   5.29200186e-03   3.13333300e-02\n",
      "   -3.10011720e-02  -5.35094674e-03   9.99505025e-01  -4.42934148e+00\n",
      "    0.00000000e+00   0.00000000e+00   0.00000000e+00   1.00000000e+00]\n",
      " [  9.99267799e-01  -3.85543517e-05   3.82604936e-02  -2.10637330e-01\n",
      "   -1.17481041e-04   9.99991686e-01   4.07598120e-03   7.19808697e-02\n",
      "   -3.82603326e-02  -4.07749164e-03   9.99259486e-01  -5.24187944e+00\n",
      "    0.00000000e+00   0.00000000e+00   0.00000000e+00   1.00000000e+00]\n",
      " [  9.99033995e-01  -6.61531321e-04   4.39390326e-02  -2.57535960e-01\n",
      "    5.75188633e-04   9.99997879e-01   1.97767030e-03   7.80220597e-02\n",
      "   -4.39402477e-02  -1.95048663e-03   9.99032257e-01  -6.05330803e+00\n",
      "    0.00000000e+00   0.00000000e+00   0.00000000e+00   1.00000000e+00]\n",
      " [  9.98605050e-01  -4.43153272e-03   5.26147835e-02  -5.08642685e-01\n",
      "    4.61097433e-03   9.99983959e-01  -3.28958151e-03   1.54724419e-01\n",
      "   -5.25993616e-02   3.52759812e-03   9.98609465e-01  -6.50052003e+00\n",
      "    0.00000000e+00   0.00000000e+00   0.00000000e+00   1.00000000e+00]] \n",
      "\n",
      "10 \n",
      "\n",
      "Keyframes after BA \n",
      " [[  1.00000000e+00   0.00000000e+00   0.00000000e+00   0.00000000e+00\n",
      "    0.00000000e+00   1.00000000e+00   0.00000000e+00   0.00000000e+00\n",
      "    0.00000000e+00   0.00000000e+00   1.00000000e+00   0.00000000e+00\n",
      "    0.00000000e+00   0.00000000e+00   0.00000000e+00   1.00000000e+00]\n",
      " [  9.99990456e-01   2.93557633e-03   3.23566172e-03   4.26641938e-03\n",
      "   -2.94161476e-03   9.99993938e-01   1.86303350e-03   9.03173834e-03\n",
      "   -3.23017303e-03  -1.87253379e-03   9.99993030e-01  -6.68072130e-01\n",
      "    0.00000000e+00   0.00000000e+00   0.00000000e+00   1.00000000e+00]\n",
      " [  9.99991717e-01  -4.06406559e-03   2.21220701e-04   7.88792477e-02\n",
      "    4.06437571e-03   9.99990732e-01  -1.41996357e-03   1.84834332e-01\n",
      "   -2.15447826e-04   1.42085094e-03   9.99998967e-01  -6.01592035e-01\n",
      "    0.00000000e+00   0.00000000e+00   0.00000000e+00   1.00000000e+00]\n",
      " [  9.99962692e-01  -6.59980267e-03   5.57284123e-03  -8.45623715e-02\n",
      "    6.59272238e-03   9.99977438e-01   1.28791392e-03  -1.31193597e-02\n",
      "   -5.58121547e-03  -1.25112567e-03   9.99983642e-01  -1.98230581e+00\n",
      "    0.00000000e+00   0.00000000e+00   0.00000000e+00   1.00000000e+00]\n",
      " [  9.96182652e-01   5.29942404e-02   6.93666700e-02  -2.99630039e-01\n",
      "   -5.29038200e-02   9.98594672e-01  -3.14125524e-03   2.23082708e-03\n",
      "   -6.94356555e-02  -5.40497849e-04   9.97586286e-01  -2.85615753e+00\n",
