{
 "cells": [
  {
   "cell_type": "markdown",
   "metadata": {},
   "source": [
    "# Match Kitti Sequence version 22-11\n",
    "\n",
    "Reads a sequence of stereo images as Frame. The Frames are scanned to identify FramePoints that are pixels that are at the top or botrom of vertical lines in the image. A patch is taken around each of the FramePoints in the left hand image, to match these to a patch in the right hand image and estimate the disparity/distance of the framePoint.\n",
    "\n",
    "A Sequence is created in which the first Frame is the KeyFrame. It's initial FramePoints are culled to keep only the points for which there is a confident estimate of its depth. The consecutive frames are used to track the KeyFrame's remaining FramePoints. Only a limited number of all framePoints will be found in the consecutive frames, mostly because nearby objects become larger quickly as we get closer. The matching FramePoints are given the same FramePointId as the corresponding point in the KeyFrame and its depth is estimated.\n",
    "\n",
    "The results are dumped into a folder 'dump', containing files 0.txt, 1.txt, etc. 0.txt contains the FramePoints as observed from the first frame, 1.txt form the second frame, etc. In these files, each row contains a single FramePoint with the values FramePointID, X, Y, Depth."
   ]
  },
  {
   "cell_type": "code",
   "execution_count": 1,
   "metadata": {
    "collapsed": true
   },
   "outputs": [],
   "source": [
    "# when you change a setting you have to restart the kernel (settings are only loaded once)\n",
    "import os\n",
    "os.environ['STEREO_CONFIDENCE'] = '1.6'\n",
    "os.environ['SEQUENCE_CONFIDENCE'] = '1.6'\n",
    "#os.environ['PATCH_SIZE'] = '17'\n",
    "\n",
    "import sys\n",
    "import builtins\n",
    "sys.path.append('..')\n",
<<<<<<< Updated upstream
    "builtins.SEQUENCE = 7\n",
=======
    "builtins.SEQUENCE = 0\n",
>>>>>>> Stashed changes
    "from src.kitti import *\n",
    "%matplotlib inline\n",
    "import numpy as np\n",
    "import glob"
   ]
  },
  {
   "cell_type": "markdown",
   "metadata": {},
   "source": [
    "Read the frames for KITTI sequence 00."
   ]
  },
  {
   "cell_type": "code",
   "execution_count": null,
   "metadata": {},
   "outputs": [
    {
<<<<<<< Updated upstream
     "ename": "NameError",
     "evalue": "name 'LEFTDIR' is not defined",
     "output_type": "error",
     "traceback": [
      "\u001b[0;31m---------------------------------------------------------------------------\u001b[0m",
      "\u001b[0;31mNameError\u001b[0m                                 Traceback (most recent call last)",
      "\u001b[0;32m<ipython-input-2-c7b5b6fdddda>\u001b[0m in \u001b[0;36m<module>\u001b[0;34m()\u001b[0m\n\u001b[0;32m----> 1\u001b[0;31m \u001b[0mget_ipython\u001b[0m\u001b[0;34m(\u001b[0m\u001b[0;34m)\u001b[0m\u001b[0;34m.\u001b[0m\u001b[0mrun_cell_magic\u001b[0m\u001b[0;34m(\u001b[0m\u001b[0;34m'time'\u001b[0m\u001b[0;34m,\u001b[0m \u001b[0;34m''\u001b[0m\u001b[0;34m,\u001b[0m \u001b[0;34m\"#LEFTDIR = '/data/urbinn/datasets/kitti/sequences/%02d/image_2'%SEQUENCE\\n#RIGHTDIR = '/data/urbinn/datasets/kitti/sequences/%02d/image_3'%SEQUENCE\\n\\nframe = []\\nfor filename in sorted(glob.glob(LEFTDIR + '/*')):\\n    left_frame = Frame(filename, RIGHTDIR)\\n    frame.append(left_frame)\"\u001b[0m\u001b[0;34m)\u001b[0m\u001b[0;34m\u001b[0m\u001b[0m\n\u001b[0m",
      "\u001b[0;32m/opt/jupyterhub/anaconda/lib/python3.6/site-packages/IPython/core/interactiveshell.py\u001b[0m in \u001b[0;36mrun_cell_magic\u001b[0;34m(self, magic_name, line, cell)\u001b[0m\n\u001b[1;32m   2113\u001b[0m             \u001b[0mmagic_arg_s\u001b[0m \u001b[0;34m=\u001b[0m \u001b[0mself\u001b[0m\u001b[0;34m.\u001b[0m\u001b[0mvar_expand\u001b[0m\u001b[0;34m(\u001b[0m\u001b[0mline\u001b[0m\u001b[0;34m,\u001b[0m \u001b[0mstack_depth\u001b[0m\u001b[0;34m)\u001b[0m\u001b[0;34m\u001b[0m\u001b[0m\n\u001b[1;32m   2114\u001b[0m             \u001b[0;32mwith\u001b[0m \u001b[0mself\u001b[0m\u001b[0;34m.\u001b[0m\u001b[0mbuiltin_trap\u001b[0m\u001b[0;34m:\u001b[0m\u001b[0;34m\u001b[0m\u001b[0m\n\u001b[0;32m-> 2115\u001b[0;31m                 \u001b[0mresult\u001b[0m \u001b[0;34m=\u001b[0m \u001b[0mfn\u001b[0m\u001b[0;34m(\u001b[0m\u001b[0mmagic_arg_s\u001b[0m\u001b[0;34m,\u001b[0m \u001b[0mcell\u001b[0m\u001b[0;34m)\u001b[0m\u001b[0;34m\u001b[0m\u001b[0m\n\u001b[0m\u001b[1;32m   2116\u001b[0m             \u001b[0;32mreturn\u001b[0m \u001b[0mresult\u001b[0m\u001b[0;34m\u001b[0m\u001b[0m\n\u001b[1;32m   2117\u001b[0m \u001b[0;34m\u001b[0m\u001b[0m\n",
      "\u001b[0;32m<decorator-gen-59>\u001b[0m in \u001b[0;36mtime\u001b[0;34m(self, line, cell, local_ns)\u001b[0m\n",
      "\u001b[0;32m/opt/jupyterhub/anaconda/lib/python3.6/site-packages/IPython/core/magic.py\u001b[0m in \u001b[0;36m<lambda>\u001b[0;34m(f, *a, **k)\u001b[0m\n\u001b[1;32m    186\u001b[0m     \u001b[0;31m# but it's overkill for just that one bit of state.\u001b[0m\u001b[0;34m\u001b[0m\u001b[0;34m\u001b[0m\u001b[0m\n\u001b[1;32m    187\u001b[0m     \u001b[0;32mdef\u001b[0m \u001b[0mmagic_deco\u001b[0m\u001b[0;34m(\u001b[0m\u001b[0marg\u001b[0m\u001b[0;34m)\u001b[0m\u001b[0;34m:\u001b[0m\u001b[0;34m\u001b[0m\u001b[0m\n\u001b[0;32m--> 188\u001b[0;31m         \u001b[0mcall\u001b[0m \u001b[0;34m=\u001b[0m \u001b[0;32mlambda\u001b[0m \u001b[0mf\u001b[0m\u001b[0;34m,\u001b[0m \u001b[0;34m*\u001b[0m\u001b[0ma\u001b[0m\u001b[0;34m,\u001b[0m \u001b[0;34m**\u001b[0m\u001b[0mk\u001b[0m\u001b[0;34m:\u001b[0m \u001b[0mf\u001b[0m\u001b[0;34m(\u001b[0m\u001b[0;34m*\u001b[0m\u001b[0ma\u001b[0m\u001b[0;34m,\u001b[0m \u001b[0;34m**\u001b[0m\u001b[0mk\u001b[0m\u001b[0;34m)\u001b[0m\u001b[0;34m\u001b[0m\u001b[0m\n\u001b[0m\u001b[1;32m    189\u001b[0m \u001b[0;34m\u001b[0m\u001b[0m\n\u001b[1;32m    190\u001b[0m         \u001b[0;32mif\u001b[0m \u001b[0mcallable\u001b[0m\u001b[0;34m(\u001b[0m\u001b[0marg\u001b[0m\u001b[0;34m)\u001b[0m\u001b[0;34m:\u001b[0m\u001b[0;34m\u001b[0m\u001b[0m\n",
      "\u001b[0;32m/opt/jupyterhub/anaconda/lib/python3.6/site-packages/IPython/core/magics/execution.py\u001b[0m in \u001b[0;36mtime\u001b[0;34m(self, line, cell, local_ns)\u001b[0m\n\u001b[1;32m   1183\u001b[0m         \u001b[0;32melse\u001b[0m\u001b[0;34m:\u001b[0m\u001b[0;34m\u001b[0m\u001b[0m\n\u001b[1;32m   1184\u001b[0m             \u001b[0mst\u001b[0m \u001b[0;34m=\u001b[0m \u001b[0mclock2\u001b[0m\u001b[0;34m(\u001b[0m\u001b[0;34m)\u001b[0m\u001b[0;34m\u001b[0m\u001b[0m\n\u001b[0;32m-> 1185\u001b[0;31m             \u001b[0mexec\u001b[0m\u001b[0;34m(\u001b[0m\u001b[0mcode\u001b[0m\u001b[0;34m,\u001b[0m \u001b[0mglob\u001b[0m\u001b[0;34m,\u001b[0m \u001b[0mlocal_ns\u001b[0m\u001b[0;34m)\u001b[0m\u001b[0;34m\u001b[0m\u001b[0m\n\u001b[0m\u001b[1;32m   1186\u001b[0m             \u001b[0mend\u001b[0m \u001b[0;34m=\u001b[0m \u001b[0mclock2\u001b[0m\u001b[0;34m(\u001b[0m\u001b[0;34m)\u001b[0m\u001b[0;34m\u001b[0m\u001b[0m\n\u001b[1;32m   1187\u001b[0m             \u001b[0mout\u001b[0m \u001b[0;34m=\u001b[0m \u001b[0;32mNone\u001b[0m\u001b[0;34m\u001b[0m\u001b[0m\n",
      "\u001b[0;32m<timed exec>\u001b[0m in \u001b[0;36m<module>\u001b[0;34m()\u001b[0m\n",
      "\u001b[0;31mNameError\u001b[0m: name 'LEFTDIR' is not defined"
=======
     "name": "stdout",
     "output_type": "stream",
     "text": [
      "CPU times: user 19.1 ms, sys: 2.21 ms, total: 21.3 ms\n",
      "Wall time: 20.1 ms\n"
>>>>>>> Stashed changes
     ]
    }
   ],
   "source": [
    "%%time\n",
    "#LEFTDIR = '/data/urbinn/datasets/kitti/sequences/%02d/image_2'%SEQUENCE\n",
    "#RIGHTDIR = '/data/urbinn/datasets/kitti/sequences/%02d/image_3'%SEQUENCE\n",
    "\n",
    "frame = []\n",
    "for filename in sorted(glob.glob(LEFTDIR + '/*')):\n",
    "    left_frame = Frame(filename, RIGHTDIR)\n",
    "    frame.append(left_frame)"
   ]
  },
  {
   "cell_type": "markdown",
   "metadata": {},
   "source": [
    "Turn the list of frames into a sequence. The first frame is automatically taken as the KeyFrame and its FramePoints are rerieved, depth is estimated, only the most confident points are kept, and they are tracked in the other frames."
   ]
  },
  {
   "cell_type": "code",
   "execution_count": null,
   "metadata": {},
<<<<<<< Updated upstream
   "outputs": [],
=======
   "outputs": [
    {
     "name": "stderr",
     "output_type": "stream",
     "text": [
      "  0% (1 of 660) |                         | Elapsed Time: 0:00:00 ETA:  0:07:30"
     ]
    },
    {
     "name": "stdout",
     "output_type": "stream",
     "text": [
      "connected mappoints  0\n",
      "0 [[ 1.  0.  0.  0.]\n",
      " [ 0.  1.  0.  0.]\n",
      " [ 0.  0.  1.  0.]\n",
      " [ 0.  0.  0.  1.]]\n"
     ]
    },
    {
     "name": "stderr",
     "output_type": "stream",
     "text": [
      "\r",
      "                                                                               \r",
      "\r",
      "  0% (2 of 660) |                         | Elapsed Time: 0:00:01 ETA:  0:09:11"
     ]
    },
    {
     "name": "stdout",
     "output_type": "stream",
     "text": [
      "connected mappoints  83\n",
      "1 [[  9.99990828e-01  -2.74001442e-03  -3.29181567e-03  -7.37280272e-03]\n",
      " [  2.73335019e-03   9.99994209e-01  -2.02727893e-03  -8.40297837e-03]\n",
      " [  3.29735139e-03   2.01826265e-03   9.99992527e-01   6.70506289e-01]\n",
      " [ -8.80659183e-18   5.44723223e-17  -5.04114732e-16   1.00000000e+00]]\n"
     ]
    },
    {
     "name": "stderr",
     "output_type": "stream",
     "text": [
      "\r",
      "                                                                               \r",
      "\r",
      "  0% (3 of 660) |                         | Elapsed Time: 0:00:02 ETA:  0:09:49"
     ]
    },
    {
     "name": "stdout",
     "output_type": "stream",
     "text": [
      "connected mappoints  98\n",
      "2 [[  9.99972913e-01  -1.40091730e-03  -7.22574514e-03  -2.30486655e-02]\n",
      " [  1.37314036e-03   9.99991655e-01  -3.84769227e-03  -7.00848534e-03]\n",
      " [  7.23107514e-03   3.83766608e-03   9.99966491e-01   1.36012934e+00]\n",
      " [ -8.25890711e-19   2.12546878e-16  -5.10076098e-16   1.00000000e+00]]\n"
     ]
    },
    {
     "name": "stderr",
     "output_type": "stream",
     "text": [
      "\r",
      "                                                                               \r",
      "\r",
      "  0% (4 of 660) |                         | Elapsed Time: 0:00:03 ETA:  0:10:25"
     ]
    },
    {
     "name": "stdout",
     "output_type": "stream",
     "text": [
      "connected mappoints  102\n",
      "3 [[  9.99935639e-01  -1.23293162e-03  -1.12781858e-02  -3.69474117e-02]\n",
      " [  1.17253272e-03   9.99984945e-01  -5.36041950e-03  -1.18409316e-02]\n",
      " [  1.12846251e-02   5.34685046e-03   9.99922031e-01   2.07526856e+00]\n",
      " [  1.17790687e-17   9.34408957e-17  -4.51535153e-16   1.00000000e+00]]\n"
     ]
    },
    {
     "name": "stderr",
     "output_type": "stream",
     "text": [
      "\r",
      "                                                                               \r",
      "\r",
      "  0% (5 of 660) |                         | Elapsed Time: 0:00:04 ETA:  0:10:33"
     ]
    },
    {
     "name": "stdout",
     "output_type": "stream",
     "text": [
      "connected mappoints  90\n",
      "4 [[  9.99863434e-01   1.09852818e-04  -1.65257907e-02  -5.32311963e-02]\n",
      " [ -2.15375655e-04   9.99979601e-01  -6.38369844e-03  -1.17244474e-02]\n",
      " [  1.65247523e-02   6.38638589e-03   9.99843061e-01   2.80308418e+00]\n",
      " [  2.41237732e-17   4.64668415e-17  -5.59527556e-16   1.00000000e+00]]\n"
     ]
    },
    {
     "name": "stderr",
     "output_type": "stream",
     "text": [
      "\r",
      "                                                                               \r",
      "\r",
      "  0% (6 of 660) |                         | Elapsed Time: 0:00:05 ETA:  0:10:39"
     ]
    },
    {
     "name": "stdout",
     "output_type": "stream",
     "text": [
      "connected mappoints  94\n",
      "5 [[  9.99785782e-01  -1.51309514e-03  -2.06421928e-02  -8.40269709e-02]\n",
      " [  1.38879595e-03   9.99980827e-01  -6.03461507e-03  -3.03157422e-02]\n",
      " [  2.06509280e-02   6.00465456e-03   9.99768715e-01   3.52597758e+00]\n",
      " [ -6.27703479e-18   1.75033343e-16  -9.78716008e-16   1.00000000e+00]]\n"
     ]
    },
    {
     "name": "stderr",
     "output_type": "stream",
     "text": [
      "\r",
      "                                                                               \r",
      "\r",
      "  1% (7 of 660) |                         | Elapsed Time: 0:00:07 ETA:  0:11:07"
     ]
    },
    {
     "name": "stdout",
     "output_type": "stream",
     "text": [
      "connected mappoints  98\n",
      "6 [[  9.99685927e-01   1.44172558e-04  -2.50604689e-02  -1.12479752e-01]\n",
      " [ -3.28553137e-04   9.99972909e-01  -7.35346555e-03  -3.65282571e-02]\n",
      " [  2.50587298e-02   7.35938972e-03   9.99658892e-01   4.27791659e+00]\n",
      " [ -1.65401365e-18   1.31344821e-16  -1.55997929e-15   1.00000000e+00]]\n"
     ]
    },
    {
     "name": "stderr",
     "output_type": "stream",
     "text": [
      "\r",
      "                                                                               \r",
      "\r",
      "  1% (8 of 660) |                         | Elapsed Time: 0:00:08 ETA:  0:11:34"
     ]
    },
    {
     "name": "stdout",
     "output_type": "stream",
     "text": [
      "connected mappoints  102\n",
      "7 [[  9.99549438e-01   2.27879149e-03  -2.99287188e-02  -1.47991964e-01]\n",
      " [ -2.51727293e-03   9.99965364e-01  -7.93305511e-03  -4.47165914e-02]\n",
      " [  2.99096045e-02   8.00481953e-03   9.99520554e-01   5.04720388e+00]\n",
      " [ -3.15627723e-17   1.78929322e-16  -1.81895042e-15   1.00000000e+00]]\n"
     ]
    },
    {
     "name": "stderr",
     "output_type": "stream",
     "text": [
      "\r",
      "                                                                               \r",
      "\r",
      "  1% (9 of 660) |                         | Elapsed Time: 0:00:09 ETA:  0:11:47"
     ]
    },
    {
     "name": "stdout",
     "output_type": "stream",
     "text": [
      "connected mappoints  107\n",
      "8 [[  9.99404856e-01   2.86606505e-03  -3.43761365e-02  -1.80238347e-01]\n",
      " [ -3.09014354e-03   9.99974314e-01  -6.46707432e-03  -5.04455027e-02]\n",
      " [  3.43567184e-02   6.56945267e-03   9.99388042e-01   5.83828784e+00]\n",
      " [ -3.59834307e-17   2.26775257e-16  -1.85171050e-15   1.00000000e+00]]\n"
     ]
    },
    {
     "name": "stderr",
     "output_type": "stream",
     "text": [
      "\r",
      "                                                                               \r",
      "\r",
      "  1% (10 of 660) |                        | Elapsed Time: 0:00:10 ETA:  0:12:20"
     ]
    },
    {
     "name": "stdout",
     "output_type": "stream",
     "text": [
      "connected mappoints  87\n",
      "9 [[  9.99247306e-01   2.19074471e-03  -3.87301089e-02  -2.19832404e-01]\n",
      " [ -2.33844505e-03   9.99990164e-01  -3.76868967e-03  -6.15315883e-02]\n",
      " [  3.87214718e-02   3.85642124e-03   9.99242601e-01   6.63748092e+00]\n",
      " [ -5.04009056e-17   2.02472993e-17  -2.05601863e-15   1.00000000e+00]]\n"
     ]
    },
    {
     "name": "stderr",
     "output_type": "stream",
     "text": [
      "\r",
      "                                                                               \r",
      "\r",
      "  1% (11 of 660) |                        | Elapsed Time: 0:00:11 ETA:  0:12:17"
     ]
    },
    {
     "name": "stdout",
     "output_type": "stream",
     "text": [
      "connected mappoints  87\n",
      "10 [[  9.99121736e-01   2.34392612e-03  -4.18361368e-02  -2.65089107e-01]\n",
      " [ -2.40180857e-03   9.99996227e-01  -1.33334185e-03  -7.12580054e-02]\n",
      " [  4.18328537e-02   1.43265321e-03   9.99123596e-01   7.43430501e+00]\n",
      " [ -3.50194364e-17  -2.50185133e-17  -2.19046868e-15   1.00000000e+00]]\n"
     ]
    },
    {
     "name": "stderr",
     "output_type": "stream",
     "text": [
      "\r",
      "                                                                               \r",
      "\r",
      "  1% (12 of 660) |                        | Elapsed Time: 0:00:12 ETA:  0:12:04"
     ]
    },
    {
     "name": "stdout",
     "output_type": "stream",
     "text": [
      "connected mappoints  91\n",
      "11 [[  9.99002960e-01   3.98772312e-03  -4.44655405e-02  -3.08853921e-01]\n",
      " [ -4.08572657e-03   9.99989420e-01  -2.11336705e-03  -8.15145193e-02]\n",
      " [  4.44566425e-02   2.29293398e-03   9.99008683e-01   8.25034406e+00]\n",
      " [ -1.83965672e-17   2.24647364e-16  -2.60721999e-15   1.00000000e+00]]\n"
     ]
    },
    {
     "name": "stderr",
     "output_type": "stream",
     "text": [
      "\r",
      "                                                                               \r",
      "\r",
      "  1% (13 of 660) |                        | Elapsed Time: 0:00:13 ETA:  0:11:32"
     ]
    },
    {
     "name": "stdout",
     "output_type": "stream",
     "text": [
      "connected mappoints  114\n",
      "12 [[  9.98899040e-01   3.47324292e-03  -4.67829436e-02  -3.48759952e-01]\n",
      " [ -3.58600676e-03   9.99990864e-01  -2.32664971e-03  -8.92311388e-02]\n",
      " [  4.67744352e-02   2.49185211e-03   9.98902369e-01   9.07483010e+00]\n",
      " [ -3.61938520e-17  -1.94408102e-17  -2.44692136e-15   1.00000000e+00]]\n"
     ]
    },
    {
     "name": "stderr",
     "output_type": "stream",
     "text": [
      "\r",
      "                                                                               \r",
      "\r",
      "  2% (14 of 660) |                        | Elapsed Time: 0:00:14 ETA:  0:11:08"
     ]
    },
    {
     "name": "stdout",
     "output_type": "stream",
     "text": [
      "connected mappoints  92\n",
      "13 [[  9.98814122e-01   6.62397097e-04  -4.86817253e-02  -3.88044757e-01]\n",
      " [ -8.19241978e-04   9.99994538e-01  -3.20196083e-03  -9.10766959e-02]\n",
      " [  4.86793384e-02   3.23804581e-03   9.98809210e-01   9.91322870e+00]\n",
      " [ -2.90972404e-17   3.77808982e-16   3.22495305e-15   1.00000000e+00]]\n"
     ]
    },
    {
     "name": "stderr",
     "output_type": "stream",
     "text": [
      "\r",
      "                                                                               \r",
      "\r",
      "  2% (15 of 660) |                        | Elapsed Time: 0:00:14 ETA:  0:10:42"
     ]
    },
    {
     "name": "stdout",
     "output_type": "stream",
     "text": [
      "connected mappoints  104\n",
      "14 [[  9.98711333e-01  -3.71982208e-04  -5.07497217e-02  -4.30411694e-01]\n",
      " [  2.30303291e-04   9.99996060e-01  -2.79753722e-03  -8.27164562e-02]\n",
      " [  5.07505624e-02   2.78224430e-03   9.98707484e-01   1.07426907e+01]\n",
      " [ -2.33850238e-17   1.30645746e-16   2.70719507e-15   1.00000000e+00]]\n"
     ]
    },
    {
     "name": "stderr",
     "output_type": "stream",
     "text": [
      "\r",
      "                                                                               \r",
      "\r",
      "  2% (16 of 660) |                        | Elapsed Time: 0:00:15 ETA:  0:10:01"
     ]
    },
    {
     "name": "stdout",
     "output_type": "stream",
     "text": [
      "connected mappoints  103\n",
      "15 [[  9.98633480e-01  -2.14942282e-03  -5.22164104e-02  -4.81518981e-01]\n",
      " [  2.00716593e-03   9.99994131e-01  -2.77665797e-03  -1.00298445e-01]\n",
      " [  5.22220721e-02   2.66805661e-03   9.98631933e-01   1.16028801e+01]\n",
      " [ -5.73528919e-18   3.39112963e-17   2.62631090e-15   1.00000000e+00]]\n"
     ]
    },
    {
     "name": "stderr",
     "output_type": "stream",
     "text": [
      "\r",
      "                                                                               \r",
      "\r",
      "  2% (17 of 660) |                        | Elapsed Time: 0:00:16 ETA:  0:09:14"
     ]
    },
    {
     "name": "stdout",
     "output_type": "stream",
     "text": [
      "connected mappoints  100\n",
      "16 [[  9.98540256e-01   2.34544685e-05  -5.40125575e-02  -5.35022101e-01]\n",
      " [ -3.02240577e-04   9.99986676e-01  -5.15334286e-03  -1.07685390e-01]\n",
      " [  5.40117169e-02   5.16214509e-03   9.98526958e-01   1.24523499e+01]\n",
      " [ -5.29500258e-18   1.76002645e-16   2.50536530e-15   1.00000000e+00]]\n"
     ]
    },
    {
     "name": "stderr",
     "output_type": "stream",
     "text": [
      "\r",
      "                                                                               \r",
      "\r",
      "  2% (18 of 660) |                        | Elapsed Time: 0:00:17 ETA:  0:08:35"
     ]
    },
    {
     "name": "stdout",
     "output_type": "stream",
     "text": [
      "connected mappoints  85\n",
      "17 [[  9.98470901e-01   3.00264940e-04  -5.52790231e-02  -5.90199277e-01]\n",
      " [ -7.35332536e-04   9.99968916e-01  -7.85022072e-03  -1.18452509e-01]\n",
      " [  5.52749477e-02   7.87886542e-03   9.98440085e-01   1.33211401e+01]\n",
      " [  1.78502879e-19  -1.88930368e-16   2.50130468e-15   1.00000000e+00]]\n"
     ]
    },
    {
     "name": "stderr",
     "output_type": "stream",
     "text": [
      "\r",
      "                                                                               \r",
      "\r",
      "  2% (19 of 660) |                        | Elapsed Time: 0:00:17 ETA:  0:08:11"
     ]
    },
    {
     "name": "stdout",
     "output_type": "stream",
     "text": [
      "connected mappoints  92\n",
      "18 [[  9.98357125e-01   3.51346806e-03  -5.71900938e-02  -6.48189967e-01]\n",
      " [ -4.05142605e-03   9.99948609e-01  -9.29326263e-03  -1.29611580e-01]\n",
      " [  5.71545031e-02   9.50969640e-03   9.98320053e-01   1.41926029e+01]\n",
      " [ -4.70081161e-18  -8.55078770e-17   2.20513408e-15   1.00000000e+00]]\n"
     ]
    },
    {
     "name": "stderr",
     "output_type": "stream",
     "text": [
      "\r",
      "                                                                               \r",
      "\r",
      "  3% (20 of 660) |                        | Elapsed Time: 0:00:18 ETA:  0:08:05"
     ]
    },
    {
     "name": "stdout",
     "output_type": "stream",
     "text": [
      "connected mappoints  97\n",
      "19 [[  9.98300171e-01   5.57875752e-03  -5.80141893e-02  -7.12953100e-01]\n",
      " [ -6.11979921e-03   9.99939388e-01  -9.15254049e-03  -1.46816148e-01]\n",
      " [  5.79596131e-02   9.49201792e-03   9.98273803e-01   1.50792800e+01]\n",
      " [  1.73539256e-17  -1.64203845e-16   2.39842839e-15   1.00000000e+00]]\n"
     ]
    },
    {
     "name": "stderr",
     "output_type": "stream",
     "text": [
      "\r",
      "                                                                               \r",
      "\r",
      "  3% (21 of 660) |                        | Elapsed Time: 0:00:19 ETA:  0:08:04"
     ]
    },
    {
     "name": "stdout",
     "output_type": "stream",
     "text": [
      "connected mappoints  101\n",
      "20 [[  9.98239656e-01   5.04929435e-03  -5.90939360e-02  -7.75636076e-01]\n",
      " [ -5.53935446e-03   9.99951592e-01  -8.13202510e-03  -1.57938874e-01]\n",
      " [  5.90500143e-02   8.44505220e-03   9.98219303e-01   1.59607607e+01]\n",
      " [  2.53055994e-17  -2.01323654e-16   2.41015531e-15   1.00000000e+00]]\n"
     ]
    },
    {
     "name": "stderr",
     "output_type": "stream",
     "text": [
      "\r",
      "                                                                               \r",
      "\r",
      "  3% (22 of 660) |                        | Elapsed Time: 0:00:20 ETA:  0:08:36"
     ]
    },
    {
     "name": "stdout",
     "output_type": "stream",
     "text": [
      "connected mappoints  131\n",
      "21 [[  9.98155536e-01   5.61160532e-03  -6.04486212e-02  -8.34424024e-01]\n",
      " [ -6.04031845e-03   9.99957870e-01  -6.91179364e-03  -1.67589201e-01]\n",
      " [  6.04072882e-02   7.26417401e-03   9.98147380e-01   1.68572788e+01]\n",
      " [  3.38878492e-17   6.97572946e-17   2.22905018e-15   1.00000000e+00]]\n"
     ]
    },
    {
     "name": "stderr",
     "output_type": "stream",
     "text": [
      "\r",
      "                                                                               \r",
      "\r",
      "  3% (23 of 660) |                        | Elapsed Time: 0:00:22 ETA:  0:09:20"
     ]
    },
    {
     "name": "stdout",
     "output_type": "stream",
     "text": [
      "connected mappoints  130\n",
      "22 [[  9.98116206e-01   4.85665619e-03  -6.11592415e-02  -8.99678587e-01]\n",
      " [ -5.28261951e-03   9.99962892e-01  -6.80505779e-03  -1.80176594e-01]\n",
      " [  6.11239222e-02   7.11531946e-03   9.98104823e-01   1.77513345e+01]\n",
      " [  3.58457289e-17  -1.04655604e-17   2.39887128e-15   1.00000000e+00]]\n"
     ]
    },
    {
     "name": "stderr",
     "output_type": "stream",
     "text": [
      "\r",
      "                                                                               \r",
      "\r",
      "  3% (24 of 660) |                        | Elapsed Time: 0:00:23 ETA:  0:10:04"
     ]
    },
    {
     "name": "stdout",
     "output_type": "stream",
     "text": [
      "connected mappoints  115\n",
      "23 [[  9.98033059e-01   4.78688545e-03  -6.25067864e-02  -9.66523240e-01]\n",
      " [ -5.27689406e-03   9.99956611e-01  -7.67655787e-03  -1.94504410e-01]\n",
      " [  6.24673275e-02   7.99130023e-03   9.98015016e-01   1.86505527e+01]\n",
      " [  3.04896061e-17  -2.13233211e-16   2.31372594e-15   1.00000000e+00]]\n"
     ]
    },
    {
     "name": "stderr",
     "output_type": "stream",
     "text": [
      "\r",
      "                                                                               \r",
      "\r",
      "  3% (25 of 660) |                        | Elapsed Time: 0:00:24 ETA:  0:10:47"
     ]
    },
    {
     "name": "stdout",
     "output_type": "stream",
     "text": [
      "connected mappoints  104\n",
      "24 [[  9.97994573e-01   3.31063109e-03  -6.32129110e-02  -1.05448598e+00]\n",
      " [ -3.84605725e-03   9.99957738e-01  -8.35039979e-03  -2.11005531e-01]\n",
      " [  6.31825944e-02   8.57677414e-03   9.97965129e-01   1.95936580e+01]\n",
      " [  4.85913300e-17  -1.91406459e-16   2.07588902e-15   1.00000000e+00]]\n"
     ]
    },
    {
     "name": "stderr",
     "output_type": "stream",
     "text": [
      "\r",
      "                                                                               \r",
      "\r",
      "  3% (26 of 660) |                        | Elapsed Time: 0:00:26 ETA:  0:11:29"
     ]
    },
    {
     "name": "stdout",
     "output_type": "stream",
     "text": [
      "connected mappoints  101\n",
      "25 [[  9.97959545e-01   3.05148053e-03  -6.37764436e-02  -1.11340066e+00]\n",
      " [ -3.47515194e-03   9.99972620e-01  -6.53319697e-03  -2.24220110e-01]\n",
      " [  6.37547615e-02   6.74149911e-03   9.97942825e-01   2.05089269e+01]\n",
      " [  4.96518102e-17   5.99233044e-17   1.96656351e-15   1.00000000e+00]]\n"
     ]
    },
    {
     "name": "stderr",
     "output_type": "stream",
     "text": [
      "\r",
      "                                                                               \r",
      "\r",
      "  4% (27 of 660) |                        | Elapsed Time: 0:00:27 ETA:  0:11:54"
     ]
    },
    {
     "name": "stdout",
     "output_type": "stream",
     "text": [
      "connected mappoints  115\n",
      "26 [[  9.97975406e-01   4.85164468e-03  -6.34156909e-02  -1.18618904e+00]\n",
      " [ -5.04877793e-03   9.99982907e-01  -2.94870968e-03  -2.46127005e-01]\n",
      " [  6.34003009e-02   3.26291148e-03   9.97982843e-01   2.14286781e+01]\n",
      " [  1.28345952e-16   1.71297228e-16   2.39083178e-15   1.00000000e+00]]\n"
     ]
    },
    {
     "name": "stderr",
     "output_type": "stream",
     "text": [
      "\r",
      "                                                                               \r",
      "\r",
      "  4% (28 of 660) |#                       | Elapsed Time: 0:00:28 ETA:  0:12:28"
     ]
    },
    {
     "name": "stdout",
     "output_type": "stream",
     "text": [
      "connected mappoints  103\n",
      "27 [[  9.98021170e-01   5.48308561e-03  -6.26392849e-02  -1.24522928e+00]\n",
      " [ -5.46019522e-03   9.99984949e-01   5.36606697e-04  -2.50718190e-01]\n",
      " [  6.26412844e-02  -1.93522120e-04   9.98036088e-01   2.23434476e+01]\n",
      " [  1.27308939e-16   3.87096685e-17   2.21320018e-15   1.00000000e+00]]\n"
     ]
    },
    {
     "name": "stderr",
     "output_type": "stream",
     "text": [
      "\r",
      "                                                                               \r",
      "\r",
      "  4% (29 of 660) |#                       | Elapsed Time: 0:00:29 ETA:  0:12:43"
     ]
    },
    {
     "name": "stdout",
     "output_type": "stream",
     "text": [
      "connected mappoints  115\n",
      "28 [[  9.98133111e-01   4.33294794e-03  -6.09222264e-02  -1.30595384e+00]\n",
      " [ -4.13041528e-03   9.99985519e-01   3.44998775e-03  -2.62922496e-01]\n",
      " [  6.09362928e-02  -3.19191291e-03   9.98136554e-01   2.32593013e+01]\n",
      " [  1.23224816e-16  -2.54754501e-16   2.34965549e-15   1.00000000e+00]]\n"
     ]
    },
    {
     "name": "stderr",
     "output_type": "stream",
     "text": [
      "\r",
      "                                                                               \r",
      "\r",
      "  4% (30 of 660) |#                       | Elapsed Time: 0:00:30 ETA:  0:12:50"
     ]
    },
    {
     "name": "stdout",
     "output_type": "stream",
     "text": [
      "connected mappoints  89\n",
      "29 [[  9.98226122e-01   4.32761741e-03  -5.93791312e-02  -1.36538538e+00]\n",
      " [ -4.08702521e-03   9.99982942e-01   4.17264877e-03  -2.66534210e-01]\n",
      " [  5.93961760e-02  -3.92256299e-03   9.98226782e-01   2.41988184e+01]\n",
      " [  1.16018632e-16  -2.93617176e-16   2.23180433e-15   1.00000000e+00]]\n"
     ]
    },
    {
     "name": "stderr",
     "output_type": "stream",
     "text": [
      "\r",
      "                                                                               \r",
      "\r",
      "  4% (31 of 660) |#                       | Elapsed Time: 0:00:31 ETA:  0:12:23"
     ]
    },
    {
     "name": "stdout",
     "output_type": "stream",
     "text": [
      "connected mappoints  97\n",
      "30 [[  9.98290451e-01   5.78954454e-03  -5.81606040e-02  -1.41647048e+00]\n",
      " [ -5.71654680e-03   9.99982650e-01   1.42140890e-03  -2.84427751e-01]\n",
      " [  5.81678243e-02  -1.08650111e-03   9.98306227e-01   2.51247721e+01]\n",
      " [  1.14383233e-16  -2.51712355e-16   2.10383905e-15   1.00000000e+00]]\n"
     ]
    },
    {
     "name": "stderr",
     "output_type": "stream",
     "text": [
      "\r",
      "                                                                               \r",
      "\r",
      "  4% (32 of 660) |#                       | Elapsed Time: 0:00:32 ETA:  0:11:54"
     ]
    },
    {
     "name": "stdout",
     "output_type": "stream",
     "text": [
      "connected mappoints  105\n",
      "31 [[  9.98341397e-01   6.66565534e-03  -5.71841158e-02  -1.48050294e+00]\n",
      " [ -6.87983044e-03   9.99970035e-01  -3.54930615e-03  -2.90646106e-01]\n",
      " [  5.71587438e-02   3.93683628e-03   9.98357340e-01   2.60734320e+01]\n",
      " [  1.18142627e-16  -1.24357173e-16   1.65257892e-15   1.00000000e+00]]\n"
     ]
    },
    {
     "name": "stderr",
     "output_type": "stream",
     "text": [
      "\r",
      "                                                                               \r",
      "\r",
      "  5% (33 of 660) |#                       | Elapsed Time: 0:00:33 ETA:  0:11:28"
     ]
    },
    {
     "name": "stdout",
     "output_type": "stream",
     "text": [
      "connected mappoints  103\n",
      "32 [[  9.98424047e-01   6.14621941e-03  -5.57821401e-02  -1.53750856e+00]\n",
      " [ -6.51555149e-03   9.99958026e-01  -6.44152149e-03  -3.05359848e-01]\n",
      " [  5.57402077e-02   6.79482136e-03   9.98422185e-01   2.70215677e+01]\n",
      " [  1.11019348e-16  -4.94597096e-16   1.76002790e-15   1.00000000e+00]]\n"
     ]
    },
    {
     "name": "stderr",
     "output_type": "stream",
     "text": [
      "\r",
      "                                                                               \r",
      "\r",
      "  5% (34 of 660) |#                       | Elapsed Time: 0:00:34 ETA:  0:11:18"
     ]
    },
    {
     "name": "stdout",
     "output_type": "stream",
     "text": [
      "connected mappoints  96\n",
      "33 [[  9.98474475e-01   3.75340606e-03  -5.50875138e-02  -1.59584883e+00]\n",
      " [ -4.06876135e-03   9.99975966e-01  -5.61358602e-03  -3.14011662e-01]\n",
      " [  5.50651197e-02   5.82916030e-03   9.98465750e-01   2.79949285e+01]\n",
      " [  1.00348492e-16  -7.24233224e-17   1.71999959e-15   1.00000000e+00]]\n"
     ]
    },
    {
     "name": "stderr",
     "output_type": "stream",
     "text": [
      "\r",
      "                                                                               \r",
      "\r",
      "  5% (35 of 660) |#                       | Elapsed Time: 0:00:35 ETA:  0:11:17"
     ]
    },
    {
     "name": "stdout",
     "output_type": "stream",
     "text": [
      "connected mappoints  140\n",
      "34 [[  9.98476842e-01   2.77163207e-03  -5.51027579e-02  -1.65307535e+00]\n",
      " [ -2.81360296e-03   9.99995808e-01  -6.84120897e-04  -3.29329868e-01]\n",
      " [  5.51006307e-02   8.38116156e-04   9.98480455e-01   2.89518788e+01]\n",
      " [  9.17994671e-17  -3.68039384e-16   1.73456072e-15   1.00000000e+00]]\n"
     ]
    },
    {
     "name": "stderr",
     "output_type": "stream",
     "text": [
      "\r",
      "                                                                               \r",
      "\r",
      "  5% (36 of 660) |#                       | Elapsed Time: 0:00:37 ETA:  0:11:35"
     ]
    },
    {
     "name": "stdout",
     "output_type": "stream",
     "text": [
      "connected mappoints  130\n",
      "35 [[  9.98436738e-01  -1.03166563e-03  -5.58839544e-02  -1.70256989e+00]\n",
      " [  1.17828253e-03   9.99995950e-01   2.59070989e-03  -3.38956025e-01]\n",
      " [  5.58810553e-02  -2.65250702e-03   9.98433910e-01   2.99136303e+01]\n",
      " [  9.36817444e-17   2.04550761e-16   1.51062977e-15   1.00000000e+00]]\n"
     ]
    },
    {
     "name": "stderr",
     "output_type": "stream",
     "text": [
      "\r",
      "                                                                               \r",
      "\r",
      "  5% (37 of 660) |#                       | Elapsed Time: 0:00:38 ETA:  0:11:27"
     ]
    },
    {
     "name": "stdout",
     "output_type": "stream",
     "text": [
      "connected mappoints  91\n",
      "36 [[  9.98350842e-01  -8.87047484e-03  -5.67178146e-02  -1.75492425e+00]\n",
      " [  8.99908751e-03   9.99957482e-01   2.01257582e-03  -3.45169433e-01]\n",
      " [  5.66975505e-02  -2.51966534e-03   9.98388221e-01   3.08683035e+01]\n",
      " [  8.42228232e-17  -9.60551866e-16   1.24495457e-15   1.00000000e+00]]\n"
     ]
    },
    {
     "name": "stderr",
     "output_type": "stream",
     "text": [
      "\r",
      "                                                                               \r",
      "\r",
      "  5% (38 of 660) |#                       | Elapsed Time: 0:00:39 ETA:  0:11:28"
     ]
    },
    {
     "name": "stdout",
     "output_type": "stream",
     "text": [
      "connected mappoints  94\n",
      "37 [[  9.98254540e-01  -1.13025973e-02  -5.79665881e-02  -1.81737881e+00]\n",
      " [  1.12045949e-02   9.99935195e-01  -2.01542037e-03  -3.47494588e-01]\n",
      " [  5.79856110e-02   1.36241039e-03   9.98316489e-01   3.18292454e+01]\n",
      " [  8.52877954e-17  -7.22211849e-16   1.17871158e-15   1.00000000e+00]]\n"
     ]
    },
    {
     "name": "stderr",
     "output_type": "stream",
     "text": [
      "\r",
      "                                                                               \r",
      "\r",
      "  5% (39 of 660) |#                       | Elapsed Time: 0:00:40 ETA:  0:11:48"
     ]
    },
    {
     "name": "stdout",
     "output_type": "stream",
     "text": [
      "connected mappoints  109\n",
      "38 [[  9.98182133e-01  -1.10028526e-02  -5.92567888e-02  -1.88203318e+00]\n",
      " [  1.06685569e-02   9.99925358e-01  -5.95490315e-03  -3.57208671e-01]\n",
      " [  5.93178867e-02   5.31189351e-03   9.98225011e-01   3.27989757e+01]\n",
      " [  1.17292235e-16  -5.23143851e-16   1.40367044e-15   1.00000000e+00]]\n"
     ]
    },
    {
     "name": "stderr",
     "output_type": "stream",
     "text": [
      "\r",
      "                                                                               \r",
      "\r",
      "  6% (40 of 660) |#                       | Elapsed Time: 0:00:42 ETA:  0:12:18"
     ]
    },
    {
     "name": "stdout",
     "output_type": "stream",
     "text": [
      "connected mappoints  109\n",
      "39 [[  9.98071331e-01  -9.39714673e-03  -6.13621388e-02  -1.93977610e+00]\n",
      " [  9.00390238e-03   9.99937139e-01  -6.68195720e-03  -3.75470888e-01]\n",
      " [  6.14210728e-02   6.11657120e-03   9.98093202e-01   3.37564439e+01]\n",
      " [  1.19082384e-16   2.57927782e-17   1.24191614e-15   1.00000000e+00]]\n"
     ]
    },
    {
     "name": "stderr",
     "output_type": "stream",
     "text": [
      "\r",
      "                                                                               \r",
      "\r",
      "  6% (41 of 660) |#                       | Elapsed Time: 0:00:43 ETA:  0:12:24"
     ]
    },
    {
     "name": "stdout",
     "output_type": "stream",
     "text": [
      "connected mappoints  90\n",
      "40 [[  9.98026717e-01  -9.78107589e-03  -6.20242070e-02  -2.01010056e+00]\n",
      " [  9.47124290e-03   9.99941168e-01  -5.28740312e-03  -3.87044147e-01]\n",
      " [  6.20722744e-02   4.68952325e-03   9.98060640e-01   3.47418690e+01]\n",
      " [  1.28698181e-16   2.02003897e-16   9.46656961e-16   1.00000000e+00]]\n"
     ]
    },
    {
     "name": "stderr",
     "output_type": "stream",
     "text": [
      "\r",
      "                                                                               \r",
      "\r",
      "  6% (42 of 660) |#                       | Elapsed Time: 0:00:44 ETA:  0:12:30"
     ]
    },
    {
     "name": "stdout",
     "output_type": "stream",
     "text": [
      "connected mappoints  91\n",
      "41 [[  9.97974008e-01  -6.81840779e-03  -6.32565315e-02  -2.07963430e+00]\n",
      " [  6.67108063e-03   9.99974522e-01  -2.53995907e-03  -4.00873359e-01]\n",
      " [  6.32722384e-02   2.11282371e-03   9.97994068e-01   3.57226964e+01]\n",
      " [  1.13327843e-16   4.36401592e-16   9.61272286e-16   1.00000000e+00]]\n"
     ]
    },
    {
     "name": "stderr",
     "output_type": "stream",
     "text": [
      "\r",
      "                                                                               \r",
      "\r",
      "  6% (43 of 660) |#                       | Elapsed Time: 0:00:45 ETA:  0:12:18"
     ]
    },
    {
     "name": "stdout",
     "output_type": "stream",
     "text": [
      "connected mappoints  95\n",
      "42 [[  9.97885107e-01  -7.16168284e-03  -6.46066865e-02  -2.14806432e+00]\n",
      " [  7.09360638e-03   9.99974017e-01  -1.28303445e-03  -4.14494262e-01]\n",
      " [  6.46141965e-02   8.22026564e-04   9.97909981e-01   3.67244121e+01]\n",
      " [  1.09390778e-16   6.61273488e-16   9.19676709e-16   1.00000000e+00]]\n"
