{
 "cells": [
  {
   "cell_type": "markdown",
   "metadata": {},
   "source": [
    "# Store kitti sequence\n",
    "\n",
    "Create a sequence"
   ]
  },
  {
   "cell_type": "code",
   "execution_count": 1,
   "metadata": {
    "collapsed": true
   },
   "outputs": [],
   "source": [
    "# when you change a setting you have to restart the kernel (settings are only loaded once)\n",
    "import os\n",
    "#os.environ['STEREO_CONFIDENCE'] = '1.6'\n",
    "#os.environ['SEQUENCE_CONFIDENCE'] = '1.6'\n",
    "#os.environ['PATCH_SIZE'] = '17'\n",
    "FRAMECOUNT = 1101\n",
    "\n",
    "import sys\n",
    "sys.path.append('..')\n",
    "from src.kitti import *\n",
    "%matplotlib inline\n",
    "import numpy as np\n",
    "import glob\n",
    "import urbg2o\n",
    "import cv2\n",
    "\n",
    "\n",
    "IMAGE_SIZE = 400\n",
    "\n",
    "def load(file):\n",
    "    keyframeids, frameids, poses = load_keyframes(file)\n",
    "    return keyframeids, frameids, poses.reshape(poses.shape[0], 4, 4)\n",
    "\n",
    "def load_csv(file):\n",
    "    poses = np.genfromtxt(file, delimiter= \" \")\n",
    "    poses = np.hstack([poses, np.repeat(np.array([[0,0,0,1.0]]), len(poses), axis=0) ])\n",
    "    return poses.reshape(poses.shape[0], 4, 4)\n",
    "\n",
    "def transform(poses):\n",
    "    points = np.repeat(np.array([[0,0,0,1.0]]), len(poses), axis=0) \n",
    "    for i in range(1, len(poses)):\n",
    "        points[:i] = np.dot(points[:i], poses[i].T)\n",
    "    return points\n",
    "        \n",
    "def transform2(poses):\n",
    "    points = poses[:,:,3]\n",
    "    return points\n",
    "    \n",
    "def plot_trajectory(points):\n",
    "    # remove y coordinate (we only use x and z to plot a view from above)\n",
    "    points = points[:, [0,2,3]]\n",
    "    # compute min and max\n",
    "    pmin = points.min(axis=0)\n",
    "    pmax = points.max(axis=0)\n",
    "    maxxy = max(pmax[0] - pmin[0], pmax[1] - pmin[1])\n",
    "\n",
    "    t = np.eye(3, dtype=np.float64)\n",
    "    t[0,0] = IMAGE_SIZE / maxxy\n",
    "    t[1,1] = -IMAGE_SIZE / maxxy\n",
    "    t[0,2] = -pmin[0] * IMAGE_SIZE / maxxy\n",
    "    t[1,2] = IMAGE_SIZE / maxxy + pmin[1] / maxxy + 100\n",
    "\n",
    "    return np.dot(points, t.T)\n",
    "    \n",
    "\n",
    "def plot_trajectory2(points):\n",
    "    # remove y coordinate (we only use x and z to plot a view from above)\n",
    "    points = points[:, [0,2,3]]\n",
    "    # compute min and max\n",
    "    pmin = points.min(axis=0)\n",
    "    pmax = points.max(axis=0)\n",
    "    maxxy = max(pmax[0] - pmin[0], pmax[1] - pmin[1]) * 1.01\n",
    "\n",
    "    t = np.eye(3, dtype=np.float64)\n",
    "    t[0,0] = IMAGE_SIZE / maxxy\n",
    "    t[1,1] = -IMAGE_SIZE / maxxy\n",
    "    t[0,2] = -pmin[0] * IMAGE_SIZE / maxxy\n",
    "    t[1,2] = IMAGE_SIZE / maxxy + pmin[1] / maxxy + 100\n",
    "    return np.dot(points, t.T)\n",
    "    \n",
    "def plot_trajectory3(points):\n",
    "    coords = []\n",
    "    minx = min([p[0] for p in points])\n",
    "    maxx = max([p[0] for p in points])\n",
    "    miny = min([p[2] for p in points])\n",
    "    maxy = max([p[2] for p in points])\n",
    "    maxxy = max(maxx - minx, maxy - miny)* 1.01\n",
    "\n",
    "    for p in points:\n",
    "        #print(p)\n",
    "        x = IMAGE_SIZE * (p[0] - minx) / (maxxy)\n",
    "        z = IMAGE_SIZE - IMAGE_SIZE * (p[2] - miny) / (maxxy)\n",
    "        coords.append([x, z])\n",
    "    return coords\n",
    "\n",
    "def new_image():\n",
    "    img = np.zeros((IMAGE_SIZE, IMAGE_SIZE, 3), np.uint8)\n",
    "    img[:] = 255 #or img.fill(255)\n",
    "    return img\n",
    "\n",
    "def draw(coords, img, color = (0,0,0)):\n",
    "    # Draw a black line with thickness of 2 px\n",
    "    for i in range(1,len(coords)):\n",
    "        cv2.line(img, (int(coords[i - 1][0]), int(coords[i - 1][1])), (int(coords[i][0]), int(coords[i][1])), color, 2)\n",
    "    return img"
   ]
  },
  {
   "cell_type": "markdown",
   "metadata": {},
   "source": [
    "Read the first 10 frames from KITTI sequence 00."
   ]
  },
  {
   "cell_type": "code",
   "execution_count": 2,
   "metadata": {},
   "outputs": [
    {
     "name": "stdout",
     "output_type": "stream",
     "text": [
      "CPU times: user 21.1 ms, sys: 0 ns, total: 21.1 ms\n",
      "Wall time: 20.1 ms\n"
     ]
    }
   ],
   "source": [
    "%%time\n",
    "LEFTDIR = '/data/urbinn/datasets/kitti/sequences/00/image_0'\n",
    "RIGHTDIR = '/data/urbinn/datasets/kitti/sequences/00/image_1'\n",
    "\n",
    "frame = []\n",
    "for filename in sorted(glob.glob(LEFTDIR + '/*')):\n",
    "    left_frame = Frame(filename, RIGHTDIR)\n",
    "    frame.append(left_frame)"
   ]
  },
  {
   "cell_type": "markdown",
   "metadata": {},
   "source": [
    "Add the frames to a sequence. By adjusting the [:] you can use only a slice of the list of frames."
   ]
  },
  {
   "cell_type": "code",
   "execution_count": 3,
   "metadata": {},
   "outputs": [
    {
     "name": "stderr",
     "output_type": "stream",
     "text": [
      "100% (20 of 20) |#########################| Elapsed Time: 0:01:17 Time: 0:01:17\n"
     ]
    }
   ],
   "source": [
    "seq = Sequence()\n",
    "for f in ProgressBar()(frame[:20]):\n",
    "    seq.add_keyframe(f)"
   ]
  },
  {
   "cell_type": "markdown",
   "metadata": {},
   "source": [
    "Example of how to save a set of covisible keyframes, fixed keyframes, mappoints and edges to use for local bundle adjustment"
   ]
  },
  {
   "cell_type": "code",
   "execution_count": 4,
   "metadata": {},
   "outputs": [
    {
     "data": {
      "text/plain": [
       "468"
      ]
     },
     "execution_count": 4,
     "metadata": {},
     "output_type": "execute_result"
    }
   ],
   "source": [
    "len(frame[5].get_observations())"
   ]
  },
  {
   "cell_type": "code",
   "execution_count": 5,
   "metadata": {},
   "outputs": [
    {
     "data": {
      "text/plain": [
       "[1,\n",
       " 1,\n",
       " 1,\n",
       " 1,\n",
       " 1,\n",
       " 1,\n",
       " 2,\n",
       " 1,\n",
       " 2,\n",
       " 3,\n",
       " 1,\n",
       " 1,\n",
       " 2,\n",
       " 2,\n",
       " 3,\n",
       " 1,\n",
       " 3,\n",
       " 3,\n",
       " 2,\n",
       " 2,\n",
       " 6,\n",
       " 1,\n",
       " 2,\n",
       " 1,\n",
       " 1,\n",
       " 2,\n",
       " 14,\n",
       " 3,\n",
       " 1,\n",
       " 1,\n",
       " 2,\n",
       " 1,\n",
       " 1,\n",
       " 3,\n",
       " 2,\n",
       " 8,\n",
       " 11,\n",
       " 2,\n",
       " 2,\n",
       " 1,\n",
       " 3,\n",
       " 9,\n",
       " 1,\n",
       " 2,\n",
       " 2,\n",
       " 3,\n",
       " 2,\n",
       " 2,\n",
       " 1,\n",
       " 1,\n",
       " 2,\n",
       " 4,\n",
       " 2,\n",
       " 2,\n",
       " 2,\n",
       " 4,\n",
       " 5,\n",
       " 2,\n",
       " 2,\n",
       " 1,\n",
       " 2,\n",
       " 2,\n",
       " 4,\n",
       " 1,\n",
       " 1,\n",
       " 5,\n",
       " 1,\n",
       " 2,\n",
       " 1,\n",
       " 2,\n",
       " 4,\n",
       " 2,\n",
       " 1,\n",
       " 1,\n",
       " 4,\n",
       " 1,\n",
       " 5,\n",
       " 3,\n",
       " 2,\n",
       " 3,\n",
       " 2,\n",
       " 1,\n",
       " 1,\n",
       " 3,\n",
       " 1,\n",
       " 3,\n",
       " 2,\n",
       " 2,\n",
       " 3,\n",
       " 1,\n",
       " 1,\n",
       " 1,\n",
       " 3,\n",
       " 3,\n",
       " 3,\n",
       " 3,\n",
       " 2,\n",
       " 3,\n",
       " 4,\n",
       " 2,\n",
       " 3,\n",
       " 1,\n",
       " 3,\n",
       " 1,\n",
       " 1,\n",
       " 2,\n",
       " 2,\n",
       " 3,\n",
       " 2,\n",
       " 1,\n",
       " 1,\n",
       " 3,\n",
       " 1,\n",
       " 1,\n",
       " 2,\n",
       " 1,\n",
       " 2,\n",
       " 8,\n",
       " 1,\n",
       " 6,\n",
       " 4,\n",
       " 2,\n",
       " 2,\n",
       " 2,\n",
       " 2,\n",
       " 1,\n",
       " 2,\n",
       " 10,\n",
       " 1,\n",
       " 2,\n",
       " 3,\n",
       " 4,\n",
       " 5,\n",
       " 3,\n",
       " 1,\n",
       " 3,\n",
       " 3,\n",
       " 8,\n",
       " 2,\n",
       " 2,\n",
       " 1,\n",
       " 1,\n",
       " 3,\n",
       " 6,\n",
       " 3,\n",
       " 2,\n",
       " 1,\n",
       " 1,\n",
       " 4,\n",
       " 5,\n",
       " 2,\n",
       " 1,\n",
       " 3,\n",
       " 4,\n",
       " 1,\n",
       " 2,\n",
       " 1,\n",
       " 2,\n",
       " 3,\n",
       " 2,\n",
       " 1,\n",
       " 1,\n",
       " 3,\n",
       " 1,\n",
       " 3,\n",
       " 1,\n",
       " 1,\n",
       " 3,\n",
       " 3,\n",
       " 2,\n",
       " 2,\n",
       " 2,\n",
       " 3,\n",
       " 7,\n",
       " 2,\n",
       " 2,\n",
       " 1,\n",
       " 1,\n",
       " 2,\n",
       " 4,\n",
       " 1,\n",
       " 2,\n",
       " 2,\n",
       " 1,\n",
       " 3,\n",
       " 3,\n",
       " 4,\n",
       " 1,\n",
       " 2,\n",
       " 1,\n",
       " 4,\n",
       " 1,\n",
       " 1,\n",
       " 1,\n",
       " 2,\n",
       " 1,\n",
       " 2,\n",
       " 2,\n",
       " 1,\n",
       " 3,\n",
       " 4,\n",
       " 5,\n",
       " 2,\n",
       " 1,\n",
       " 5,\n",
       " 1,\n",
       " 2,\n",
       " 1,\n",
       " 3,\n",
       " 2,\n",
       " 1,\n",
       " 3,\n",
       " 2,\n",
       " 2,\n",
       " 1,\n",
       " 2,\n",
       " 2,\n",
       " 4,\n",
       " 2,\n",
       " 5,\n",
       " 1,\n",
       " 2,\n",
       " 5,\n",
       " 2,\n",
       " 2,\n",
       " 2,\n",
       " 9,\n",
       " 4,\n",
       " 1,\n",
       " 2,\n",
       " 3,\n",
       " 2,\n",
       " 3,\n",
       " 1,\n",
       " 4,\n",
       " 6,\n",
       " 2,\n",
       " 3,\n",
       " 2,\n",
       " 4,\n",
       " 1,\n",
       " 3,\n",
       " 1,\n",
       " 1,\n",
       " 2,\n",
       " 3,\n",
       " 2,\n",
       " 3,\n",
       " 1,\n",
       " 5,\n",
       " 1,\n",
       " 8,\n",
       " 8,\n",
       " 1,\n",
       " 1,\n",
       " 5,\n",
       " 2,\n",
       " 2,\n",
       " 1,\n",
       " 2,\n",
       " 1,\n",
       " 3,\n",
       " 2,\n",
       " 3,\n",
       " 1,\n",
       " 3,\n",
       " 2,\n",
       " 2,\n",
       " 2,\n",
       " 1,\n",
       " 1,\n",
       " 4,\n",
       " 2,\n",
       " 1,\n",
       " 1,\n",
       " 1,\n",
       " 3,\n",
       " 1,\n",
       " 3,\n",
       " 1,\n",
       " 4,\n",
       " 1,\n",
       " 5,\n",
       " 2,\n",
       " 2,\n",
       " 1,\n",
       " 2,\n",
       " 1,\n",
       " 3,\n",
       " 5,\n",
       " 1,\n",
       " 3,\n",
       " 2,\n",
       " 1,\n",
       " 3,\n",
       " 4,\n",
       " 6,\n",
       " 3,\n",
       " 5,\n",
       " 5,\n",
       " 2,\n",
       " 2,\n",
       " 1,\n",
       " 1,\n",
       " 1,\n",
       " 2,\n",
       " 2,\n",
       " 1,\n",
       " 1,\n",
       " 4,\n",
       " 5,\n",
       " 4,\n",
       " 3,\n",
       " 1,\n",
       " 1,\n",
       " 2,\n",
       " 1,\n",
       " 3,\n",
       " 1,\n",
       " 1,\n",
       " 2,\n",
       " 2,\n",
       " 2,\n",
       " 5,\n",
       " 2,\n",
       " 2,\n",
       " 3,\n",
       " 3,\n",
       " 2,\n",
       " 2,\n",
       " 1,\n",
       " 1,\n",
       " 4,\n",
       " 3,\n",
       " 3,\n",
       " 1,\n",
       " 1,\n",
       " 1,\n",
       " 2,\n",
       " 2,\n",
       " 1,\n",
       " 4,\n",
       " 1,\n",
       " 1,\n",
       " 5,\n",
       " 3,\n",
       " 2,\n",
       " 2,\n",
       " 1,\n",
       " 1,\n",
       " 4,\n",
       " 1,\n",
       " 2,\n",
       " 3,\n",
       " 2,\n",
       " 5,\n",
       " 2,\n",
       " 4,\n",
       " 7,\n",
       " 1,\n",
       " 1,\n",
       " 1,\n",
       " 2,\n",
       " 1,\n",
       " 1,\n",
       " 5,\n",
       " 1,\n",
       " 2,\n",
       " 1,\n",
       " 2,\n",
       " 1,\n",
       " 2,\n",
       " 4,\n",
       " 2,\n",
       " 2,\n",
       " 4,\n",
       " 4,\n",
       " 1,\n",
       " 1,\n",
       " 7,\n",
       " 1,\n",
       " 4,\n",
       " 1,\n",
       " 2,\n",
       " 1,\n",
       " 1,\n",
       " 1,\n",
       " 2,\n",
       " 2,\n",
       " 1,\n",
       " 5,\n",
       " 8,\n",
       " 4,\n",
       " 1,\n",
       " 2,\n",
       " 2,\n",
       " 6,\n",
       " 3,\n",
       " 2,\n",
       " 2,\n",
       " 4,\n",
       " 2,\n",
       " 2,\n",
       " 2,\n",
       " 2,\n",
       " 4,\n",
       " 2,\n",
       " 5,\n",
       " 3,\n",
       " 3,\n",
       " 2,\n",
       " 2,\n",
       " 4,\n",
       " 3,\n",
       " 6,\n",
       " 2,\n",
       " 4,\n",
       " 2,\n",
       " 3,\n",
       " 2,\n",
       " 4,\n",
       " 13,\n",
       " 4,\n",
       " 2,\n",
       " 4,\n",
       " 2,\n",
       " 2,\n",
       " 3]"
      ]
     },
     "execution_count": 5,
     "metadata": {},
     "output_type": "execute_result"
    }
   ],
   "source": [
    "mp1 = [o.mappoint for o in frame[1].get_observations() if o.mappoint is not None]\n",
    "[len(m.observations) for m in mp1]"
   ]
  },
  {
   "cell_type": "code",
   "execution_count": 6,
   "metadata": {},
   "outputs": [
    {
     "name": "stdout",
     "output_type": "stream",
     "text": [
      "Keyframes count\n",
      " 20 \n",
      "\n",
      "mappoints count  \n",
      " (1519, '\\n')\n",
      "mappoints \n",
      " [[  3.66300000e+03  -5.56711489e+00  -3.73793304e+00   1.75375995e+01\n",
      "    1.00000000e+00]\n",
      " [  1.00300000e+03  -6.64412977e+00   4.35717484e-01   2.27228171e+01\n",
      "    1.00000000e+00]\n",
      " [  1.00400000e+03   1.15492369e+01  -9.09458131e-01   1.96825427e+01\n",
      "    1.00000000e+00]\n",
      " ..., \n",
      " [  3.19700000e+03  -1.14568556e+01  -1.81989205e+00   2.28650583e+01\n",
      "    1.00000000e+00]\n",
      " [  3.19900000e+03  -1.19343114e+01  -1.00161262e+00   2.55182484e+01\n",
      "    1.00000000e+00]\n",
      " [  3.20000000e+03   3.76567953e+00  -5.22260437e-01   5.93887355e+00\n",
      "    1.00000000e+00]] \n",
      "\n",
      "links count  \n",
      " (4668, '\\n')\n",
      "links \n",
      " [[  3.66300000e+03   1.30000000e+01   3.79000000e+02   3.20000000e+01]\n",
      " [  3.66300000e+03   1.20000000e+01   3.88000000e+02   3.80000000e+01]\n",
      " [  1.00300000e+03   3.00000000e+00   3.99000000e+02   1.98000000e+02]\n",
      " ..., \n",
      " [  3.19900000e+03   1.30000000e+01   2.71000000e+02   1.57000000e+02]\n",
      " [  3.20000000e+03   1.20000000e+01   1.06300000e+03   1.22000000e+02]\n",
      " [  3.20000000e+03   1.10000000e+01   1.00400000e+03   1.30000000e+02]] \n",
      "\n",
      "Keyframes \n",
      " [<src.frame.Frame object at 0x7f77f86d22e8>, <src.frame.Frame object at 0x7f77f866ef98>, <src.frame.Frame object at 0x7f77f866e668>, <src.frame.Frame object at 0x7f77f86847b8>, <src.frame.Frame object at 0x7f77f8684860>, <src.frame.Frame object at 0x7f77f86848d0>, <src.frame.Frame object at 0x7f77f86849b0>, <src.frame.Frame object at 0x7f77f86849e8>, <src.frame.Frame object at 0x7f77f8684978>, <src.frame.Frame object at 0x7f77f8684908>, <src.frame.Frame object at 0x7f77f8684940>, <src.frame.Frame object at 0x7f77f8684898>, <src.frame.Frame object at 0x7f77f8684a20>, <src.frame.Frame object at 0x7f77f8684a90>] \n",
      "\n",
      "Keyframes numpy \n",
      " [[  1.00000000e+00   0.00000000e+00   0.00000000e+00   0.00000000e+00\n",
      "    0.00000000e+00   1.00000000e+00   0.00000000e+00   0.00000000e+00\n",
      "    0.00000000e+00   0.00000000e+00   1.00000000e+00   0.00000000e+00\n",
      "    0.00000000e+00   0.00000000e+00   0.00000000e+00   1.00000000e+00]\n",
      " [  9.99989951e-01   2.88687753e-03   3.42995166e-03   1.02907941e-03\n",
      "   -2.89330954e-03   9.99994063e-01   1.87176716e-03   8.38253233e-03\n",
      "   -3.42452774e-03  -1.88167226e-03   9.99992366e-01  -6.68973946e-01\n",
      "    0.00000000e+00   0.00000000e+00   0.00000000e+00   1.00000000e+00]\n",
      " [  9.99989587e-01  -1.57054362e-03   4.28471991e-03   1.87334880e-03\n",
      "    1.56147996e-03   9.99996538e-01   2.11787000e-03  -7.40617709e-03\n",
      "   -4.28803128e-03  -2.11115745e-03   9.99988578e-01  -6.96732797e-01\n",
      "    0.00000000e+00   0.00000000e+00   0.00000000e+00   1.00000000e+00]\n",
      " [  9.99988560e-01   6.95710890e-05   4.78275233e-03  -9.90750785e-03\n",
      "   -7.84072717e-05   9.99998291e-01   1.84734733e-03  -4.64937156e-03\n",
      "   -4.78261564e-03  -1.84770120e-03   9.99986856e-01  -7.21500647e-01\n",
      "    0.00000000e+00   0.00000000e+00   0.00000000e+00   1.00000000e+00]\n",
      " [  9.99982981e-01  -1.23291826e-03   5.70237366e-03  -7.41376517e-03\n",
      "    1.22890265e-03   9.99998995e-01   7.07649353e-04   1.32830197e-03\n",
      "   -5.70324040e-03  -7.00629648e-04   9.99983491e-01  -7.48028636e-01\n",
      "    0.00000000e+00   0.00000000e+00   0.00000000e+00   1.00000000e+00]\n",
      " [  9.99973582e-01   1.35759478e-03   7.14094135e-03  -6.14221105e-02\n",
      "   -1.35027849e-03   9.99998559e-01  -1.02927714e-03   3.71649380e-02\n",
      "   -7.14232840e-03   1.01960769e-03   9.99973973e-01  -7.61997444e-01\n",
      "    0.00000000e+00   0.00000000e+00   0.00000000e+00   1.00000000e+00]\n",
      " [  9.99972499e-01  -1.56023004e-03   7.25036039e-03  -6.23422412e-02\n",
      "    1.56126724e-03   9.99998772e-01  -1.37397646e-04   3.67574803e-02\n",
      "   -7.25013711e-03   1.48713618e-04   9.99973706e-01  -7.71449627e-01\n",
      "    0.00000000e+00   0.00000000e+00   0.00000000e+00   1.00000000e+00]\n",
      " [  9.99967826e-01  -2.18087221e-03   7.71946997e-03  -6.28654557e-02\n",
      "    2.18748411e-03   9.99997248e-01  -8.48182680e-04   3.73520458e-02\n",
      "   -7.71759895e-03   8.65041609e-04   9.99969845e-01  -7.73039877e-01\n",
      "    0.00000000e+00   0.00000000e+00   0.00000000e+00   1.00000000e+00]\n",
      " [  9.99989356e-01  -5.98173480e-04   4.57498732e-03   2.25479554e-03\n",
      "    6.05001706e-04   9.99998705e-01  -1.49127423e-03   2.81281884e-03\n",
      "   -4.57408936e-03   1.49402623e-03   9.99988423e-01  -7.95625304e-01\n",
      "    0.00000000e+00   0.00000000e+00   0.00000000e+00   1.00000000e+00]\n",
      " [  9.99958146e-01  -3.79844813e-03   8.32330323e-03  -2.37554653e-01\n",
      "    3.84150474e-03   9.99979292e-01  -5.16315302e-03   8.01968481e-02\n",
      "   -8.30351891e-03   5.19491094e-03   9.99952031e-01  -4.29860829e-01\n",
      "    0.00000000e+00   0.00000000e+00   0.00000000e+00   1.00000000e+00]\n",
      " [  9.99977387e-01   2.03018525e-03   6.41125203e-03  -6.24619880e-02\n",
      "   -1.99950566e-03   9.99986538e-01  -4.78806223e-03   4.09790816e-02\n",
      "   -6.42088637e-03   4.77513462e-03   9.99967985e-01  -7.79735143e-01\n",
      "    0.00000000e+00   0.00000000e+00   0.00000000e+00   1.00000000e+00]\n",
      " [  9.99987019e-01  -2.02707667e-03   4.67478339e-03  -6.13485907e-02\n",
      "    2.02961269e-03   9.99997796e-01  -5.37808380e-04   3.74799413e-02\n",
      "   -4.67368290e-03   5.47289399e-04   9.99988929e-01  -7.80613309e-01\n",
      "    0.00000000e+00   0.00000000e+00   0.00000000e+00   1.00000000e+00]\n",
      " [  9.99981990e-01  -3.78838748e-03   4.65476960e-03  -2.33556940e-01\n",
      "    3.79614746e-03   9.99991418e-01  -1.65940128e-03   6.45166869e-02\n",
      "   -4.64844320e-03   1.67704159e-03   9.99987790e-01  -3.86186946e-01\n",
      "    0.00000000e+00   0.00000000e+00   0.00000000e+00   1.00000000e+00]\n",
      " [  9.99992105e-01   2.95941680e-03   2.65166500e-03  -1.48796582e-02\n",
      "   -2.96121743e-03   9.99995388e-01   6.75386234e-04   4.58809070e-03\n",
      "   -2.64965402e-03  -6.83233059e-04   9.99996256e-01  -8.46469921e-01\n",
      "    0.00000000e+00   0.00000000e+00   0.00000000e+00   1.00000000e+00]] \n",
      "\n",
      "mappoints len \n",
      " 1519 \n",
      "\n",
      "Fixed Keyframes \n",
      " [[  1.40000000e+01   1.40000000e+01   9.99997564e-01   3.00120501e-04\n",
      "    2.18693005e-03   1.89408295e-03  -2.98959110e-04   9.99999814e-01\n",
      "   -5.31367636e-04   1.62212903e-03  -2.18708912e-03   5.30712539e-04\n",
      "    9.99997467e-01  -8.41316003e-01   0.00000000e+00   0.00000000e+00\n",
      "    0.00000000e+00   1.00000000e+00]\n",
      " [  1.50000000e+01   1.50000000e+01   9.99996258e-01   1.66284660e-03\n",
      "    2.17210874e-03  -7.87925134e-03  -1.66198493e-03   9.99998540e-01\n",
      "   -3.98441517e-04   1.95594883e-02  -2.17276811e-03   3.94830014e-04\n",
      "    9.99997562e-01  -8.61444852e-01   0.00000000e+00   0.00000000e+00\n",
      "    0.00000000e+00   1.00000000e+00]\n",
      " [  1.60000000e+01   1.60000000e+01   9.99994658e-01  -2.21371992e-03\n",
      "    2.40500199e-03  -2.82204643e-03   2.20973123e-03   9.99996181e-01\n",
      "    1.65989346e-03   2.14551825e-02  -2.40866735e-03  -1.65457019e-03\n",
      "    9.99995730e-01  -8.59459086e-01   0.00000000e+00   0.00000000e+00\n",
      "    0.00000000e+00   1.00000000e+00]\n",
      " [  1.70000000e+01   1.70000000e+01   9.99997905e-01  -6.30322845e-04\n",
      "    1.94729040e-03  -3.74595855e-03   6.24945304e-04   9.99995993e-01\n",
      "    2.76092579e-03   6.11437836e-03  -1.94902287e-03  -2.75970306e-03\n",
      "    9.99994293e-01  -8.67783835e-01   0.00000000e+00   0.00000000e+00\n",
      "    0.00000000e+00   1.00000000e+00]\n",
      " [  1.80000000e+01   1.80000000e+01   9.99987507e-01  -4.56045454e-03\n",
      "    2.04665176e-03   4.85854300e-03   4.55577201e-03   9.99987008e-01\n",
      "    2.28675855e-03  -1.86740754e-03  -2.05705383e-03  -2.27740590e-03\n",
      "    9.99995291e-01  -8.79785478e-01   0.00000000e+00   0.00000000e+00\n",
      "    0.00000000e+00   1.00000000e+00]\n",
      " [  1.90000000e+01   1.90000000e+01   9.99998873e-01  -6.65329159e-04\n",
      "    1.34618546e-03   2.67496501e-03   6.65103157e-04   9.99999765e-01\n",
      "    1.68324665e-04   4.83976160e-04  -1.34629714e-03  -1.67429123e-04\n",
      "    9.99999080e-01  -8.85944695e-01   0.00000000e+00   0.00000000e+00\n",
      "    0.00000000e+00   1.00000000e+00]] \n",
      "\n",
      "Keyframes before BA \n",
      " [[  1.00000000e+00   0.00000000e+00   0.00000000e+00   0.00000000e+00\n",
      "    0.00000000e+00   1.00000000e+00   0.00000000e+00   0.00000000e+00\n",
      "    0.00000000e+00   0.00000000e+00   1.00000000e+00   0.00000000e+00\n",
      "    0.00000000e+00   0.00000000e+00   0.00000000e+00   1.00000000e+00]\n",
      " [  9.99989951e-01   2.88687753e-03   3.42995166e-03   1.02907941e-03\n",
      "   -2.89330954e-03   9.99994063e-01   1.87176716e-03   8.38253233e-03\n",
      "   -3.42452774e-03  -1.88167226e-03   9.99992366e-01  -6.68973946e-01\n",
      "    0.00000000e+00   0.00000000e+00   0.00000000e+00   1.00000000e+00]\n",
      " [  9.99989587e-01  -1.57054362e-03   4.28471991e-03   1.87334880e-03\n",
      "    1.56147996e-03   9.99996538e-01   2.11787000e-03  -7.40617709e-03\n",
      "   -4.28803128e-03  -2.11115745e-03   9.99988578e-01  -6.96732797e-01\n",
      "    0.00000000e+00   0.00000000e+00   0.00000000e+00   1.00000000e+00]\n",
      " [  9.99988560e-01   6.95710890e-05   4.78275233e-03  -9.90750785e-03\n",
      "   -7.84072717e-05   9.99998291e-01   1.84734733e-03  -4.64937156e-03\n",
      "   -4.78261564e-03  -1.84770120e-03   9.99986856e-01  -7.21500647e-01\n",
      "    0.00000000e+00   0.00000000e+00   0.00000000e+00   1.00000000e+00]\n",
      " [  9.99982981e-01  -1.23291826e-03   5.70237366e-03  -7.41376517e-03\n",
      "    1.22890265e-03   9.99998995e-01   7.07649353e-04   1.32830197e-03\n",
      "   -5.70324040e-03  -7.00629648e-04   9.99983491e-01  -7.48028636e-01\n",
      "    0.00000000e+00   0.00000000e+00   0.00000000e+00   1.00000000e+00]\n",
      " [  9.99973582e-01   1.35759478e-03   7.14094135e-03  -6.14221105e-02\n",
      "   -1.35027849e-03   9.99998559e-01  -1.02927714e-03   3.71649380e-02\n",
      "   -7.14232840e-03   1.01960769e-03   9.99973973e-01  -7.61997444e-01\n",
      "    0.00000000e+00   0.00000000e+00   0.00000000e+00   1.00000000e+00]\n",
      " [  9.99972499e-01  -1.56023004e-03   7.25036039e-03  -6.23422412e-02\n",
      "    1.56126724e-03   9.99998772e-01  -1.37397646e-04   3.67574803e-02\n",
      "   -7.25013711e-03   1.48713618e-04   9.99973706e-01  -7.71449627e-01\n",
      "    0.00000000e+00   0.00000000e+00   0.00000000e+00   1.00000000e+00]\n",
      " [  9.99967826e-01  -2.18087221e-03   7.71946997e-03  -6.28654557e-02\n",
      "    2.18748411e-03   9.99997248e-01  -8.48182680e-04   3.73520458e-02\n",
      "   -7.71759895e-03   8.65041609e-04   9.99969845e-01  -7.73039877e-01\n",
      "    0.00000000e+00   0.00000000e+00   0.00000000e+00   1.00000000e+00]\n",
      " [  9.99989356e-01  -5.98173480e-04   4.57498732e-03   2.25479554e-03\n",
      "    6.05001706e-04   9.99998705e-01  -1.49127423e-03   2.81281884e-03\n",
      "   -4.57408936e-03   1.49402623e-03   9.99988423e-01  -7.95625304e-01\n",
      "    0.00000000e+00   0.00000000e+00   0.00000000e+00   1.00000000e+00]\n",
      " [  9.99958146e-01  -3.79844813e-03   8.32330323e-03  -2.37554653e-01\n",
      "    3.84150474e-03   9.99979292e-01  -5.16315302e-03   8.01968481e-02\n",
      "   -8.30351891e-03   5.19491094e-03   9.99952031e-01  -4.29860829e-01\n",
      "    0.00000000e+00   0.00000000e+00   0.00000000e+00   1.00000000e+00]\n",
      " [  9.99977387e-01   2.03018525e-03   6.41125203e-03  -6.24619880e-02\n",
      "   -1.99950566e-03   9.99986538e-01  -4.78806223e-03   4.09790816e-02\n",
      "   -6.42088637e-03   4.77513462e-03   9.99967985e-01  -7.79735143e-01\n",
      "    0.00000000e+00   0.00000000e+00   0.00000000e+00   1.00000000e+00]\n",
      " [  9.99987019e-01  -2.02707667e-03   4.67478339e-03  -6.13485907e-02\n",
      "    2.02961269e-03   9.99997796e-01  -5.37808380e-04   3.74799413e-02\n",
      "   -4.67368290e-03   5.47289399e-04   9.99988929e-01  -7.80613309e-01\n",
      "    0.00000000e+00   0.00000000e+00   0.00000000e+00   1.00000000e+00]\n",
      " [  9.99981990e-01  -3.78838748e-03   4.65476960e-03  -2.33556940e-01\n",
      "    3.79614746e-03   9.99991418e-01  -1.65940128e-03   6.45166869e-02\n",
      "   -4.64844320e-03   1.67704159e-03   9.99987790e-01  -3.86186946e-01\n",
      "    0.00000000e+00   0.00000000e+00   0.00000000e+00   1.00000000e+00]\n",
      " [  9.99992105e-01   2.95941680e-03   2.65166500e-03  -1.48796582e-02\n",
      "   -2.96121743e-03   9.99995388e-01   6.75386234e-04   4.58809070e-03\n",
      "   -2.64965402e-03  -6.83233059e-04   9.99996256e-01  -8.46469921e-01\n",
      "    0.00000000e+00   0.00000000e+00   0.00000000e+00   1.00000000e+00]] \n",
      "\n"
     ]
    },
    {
     "name": "stdout",
     "output_type": "stream",
     "text": [
      "14 \n",
      "\n",
      "Keyframes after BA \n",
      " [[  1.00000000e+00   0.00000000e+00   0.00000000e+00   0.00000000e+00\n",
      "    0.00000000e+00   1.00000000e+00   0.00000000e+00   0.00000000e+00\n",
      "    0.00000000e+00   0.00000000e+00   1.00000000e+00   0.00000000e+00\n",
      "    0.00000000e+00   0.00000000e+00   0.00000000e+00   1.00000000e+00]\n",
      " [  9.99989951e-01   2.88687753e-03   3.42995166e-03   1.02907941e-03\n",
      "   -2.89330954e-03   9.99994063e-01   1.87176716e-03   8.38253233e-03\n",
      "   -3.42452774e-03  -1.88167226e-03   9.99992366e-01  -6.68973946e-01\n",
      "    0.00000000e+00   0.00000000e+00   0.00000000e+00   1.00000000e+00]\n",
      " [  9.99954977e-01   6.57762341e-03   6.83954622e-03   2.98031758e-02\n",
      "   -6.59502573e-03   9.99975065e-01   2.52493359e-03   2.08158141e-02\n",
      "   -6.82276762e-03  -2.56992689e-03   9.99973422e-01  -1.19375048e+00\n",
      "    0.00000000e+00   0.00000000e+00   0.00000000e+00   1.00000000e+00]\n",
      " [  9.98795675e-01   4.79906355e-02   1.02028838e-02  -1.30020485e-01\n",
      "   -4.80061757e-02   9.98846214e-01   1.28356949e-03  -4.03548286e-01\n",
      "   -1.01295125e-02  -1.77182508e-03   9.99947125e-01  -9.86230591e-02\n",
      "    0.00000000e+00   0.00000000e+00   0.00000000e+00   1.00000000e+00]\n",
      " [  9.98969506e-01   4.53575460e-02   1.61846797e-03   7.36305130e-02\n",
      "   -4.53137315e-02   9.98752721e-01  -2.09682724e-02   1.38355357e-01\n",
      "   -2.56751867e-03   2.08733259e-02   9.99778832e-01   1.31298159e-03\n",
      "    0.00000000e+00   0.00000000e+00   0.00000000e+00   1.00000000e+00]\n",
      " [  9.98525059e-01   5.40317641e-02   5.31744132e-03  -2.53914778e-03\n",
      "   -5.39318648e-02   9.98392746e-01  -1.74149135e-02  -4.62121805e-02\n",
      "   -6.24985334e-03   1.71024480e-02   9.99834209e-01  -2.01516905e-01\n",
      "    0.00000000e+00   0.00000000e+00   0.00000000e+00   1.00000000e+00]\n",
      " [  9.98205698e-01   5.93991897e-02   7.55784765e-03  -1.89777794e-02\n",
      "   -5.92362724e-02   9.98039383e-01  -2.02102431e-02  -3.30530978e-02\n",
      "   -8.74350167e-03   1.97262811e-02   9.99767185e-01  -4.21711139e-01\n",
      "    0.00000000e+00   0.00000000e+00   0.00000000e+00   1.00000000e+00]\n",
      " [  9.98210058e-01   5.85904167e-02   1.19934315e-02  -6.15167480e-02\n",
      "   -5.83298716e-02   9.98075843e-01  -2.10294284e-02  -1.09985323e-02\n",
      "   -1.32024773e-02   2.02922116e-02   9.99706917e-01  -8.71212908e-01\n",
      "    0.00000000e+00   0.00000000e+00   0.00000000e+00   1.00000000e+00]\n",
      " [  9.99346786e-01   3.54515813e-02   7.01339048e-03   2.13142688e-02\n",
      "   -3.52513224e-02   9.99017212e-01  -2.68691920e-02   3.19149425e-01\n",
      "   -7.95905315e-03   2.66044093e-02   9.99614355e-01  -3.36304686e-01\n",
      "    0.00000000e+00   0.00000000e+00   0.00000000e+00   1.00000000e+00]\n",
      " [  9.99534885e-01   2.94351241e-02   7.97419916e-03  -7.70860318e-02\n",
      "   -2.91932987e-02   9.99155575e-01  -2.89117238e-02   3.90405283e-01\n",
      "   -8.81848573e-03   2.86654834e-02   9.99550161e-01   5.19196292e-02\n",
      "    0.00000000e+00   0.00000000e+00   0.00000000e+00   1.00000000e+00]\n",
      " [  9.99892513e-01  -3.94470612e-03   1.41210015e-02  -8.34474269e-02\n",
      "    3.86386098e-03   9.99976016e-01   5.74788180e-03  -2.70865474e-02\n",
      "   -1.41433365e-02  -5.69270239e-03   9.99883773e-01  -7.81220706e-01\n",
      "    0.00000000e+00   0.00000000e+00   0.00000000e+00   1.00000000e+00]\n",
      " [  9.99950698e-01   2.45503136e-03   9.62158640e-03  -7.53386686e-03\n",
      "   -2.48017122e-03   9.99993540e-01   2.60179993e-03  -5.52704129e-02\n",
      "   -9.61513674e-03  -2.62553484e-03   9.99950327e-01  -4.37938120e-01\n",
      "    0.00000000e+00   0.00000000e+00   0.00000000e+00   1.00000000e+00]\n",
      " [  9.99934362e-01  -7.56685860e-03   8.60312662e-03  -1.49248165e-01\n",
      "    7.61562294e-03   9.99955041e-01  -5.64965256e-03   2.37030880e-01\n",
      "   -8.55998971e-03   5.71479990e-03   9.99947032e-01  -2.37423194e-01\n",
      "    0.00000000e+00   0.00000000e+00   0.00000000e+00   1.00000000e+00]\n",
      " [  9.99972175e-01   1.09436594e-03   7.37908960e-03  -6.94025646e-02\n",
      "   -1.07554494e-03   9.99996160e-01  -2.55407193e-03   1.30266936e-01\n",
      "   -7.38185635e-03   2.54606432e-03   9.99969512e-01  -8.82316251e-01\n",
      "    0.00000000e+00   0.00000000e+00   0.00000000e+00   1.00000000e+00]] \n",
      "\n",
      "14 \n",
      "\n"
     ]
    }
   ],
   "source": [
    "\n",
    "print('Keyframes count\\n', (len(seq.keyframes)), '\\n')\n",
    "\n",
    "cv_keyframes = get_covisible_keyframes(seq.keyframes[1])\n",
    "mappoints = get_mappoints(cv_keyframes)\n",
    "f_keyframes = get_fixed_keyframes(mappoints, cv_keyframes)\n",
    "\n",
    "cv_keyframes_np = keyframes_to_np(cv_keyframes)\n",
    "f_keyframes_np = keyframes_to_np(f_keyframes)\n",
    "mappoints_np = mappoints_to_np(mappoints)\n",
    "links_np = links_to_np(mappoints)\n",
    "\n",
    "\n",
    "f_keyframes = np.asfortranarray(f_keyframes_np)\n",
    "cv_keyframes_BA = np.asfortranarray(cv_keyframes_np)\n",
    "mappoints = np.asfortranarray(mappoints_np)\n",
    "links = np.array(links_np, order='f')\n",
    "\n",
    "# np.set_printoptions(threshold=np.nan)\n",
    "\n",
    "print('mappoints count  \\n', (len(mappoints[:]), '\\n') )\n",
    "print('mappoints \\n', (mappoints[:]), '\\n')\n",
    "\n",
    "\n",
    "print('links count  \\n', (len(links[:]), '\\n') )\n",
    "print('links \\n', (links[:]), '\\n')\n",
    "\n",
    "\n",
    "print('Keyframes \\n', (cv_keyframes), '\\n')\n",
    "print('Keyframes numpy \\n', (cv_keyframes_np[:, 2 :]), '\\n')\n",
    "print('mappoints len \\n', len(mappoints_np), '\\n')\n",
    "print('Fixed Keyframes \\n',f_keyframes[:], '\\n')\n",
    "# print( keyframes_to_np( [seq.keyframes[1]]  )[:, 2 :] , '\\n')\n",
    "\n",
    "\n",
    "print('Keyframes before BA \\n', (cv_keyframes_BA[: , 2:]), '\\n')\n",
    "print(len(cv_keyframes_BA), '\\n')\n",
    "\n",
    "result =  urbg2o.localBundleAdjustment(cv_keyframes_BA, f_keyframes, mappoints, links)\n",
    "\n",
    "print('Keyframes after BA \\n', (cv_keyframes_BA[:, 2 :]), '\\n')\n",
    "print(len(cv_keyframes_BA), '\\n')\n",
    "\n",
    "\n",
    "\n",
    "\n",
    "# print(cv_keyframes[:, 0 :], '\\n')\n",
    "\n",
    "np_matrix_values =  cv_keyframes_np[:,2 :]\n",
    "\n",
    "\n",
    "# draw seq.keyframes\n",
    "\n",
    "# array_value = []\n",
    "# for i in range(0, len(keyframes_to_np(seq.keyframes)[:,2 :]) ):\n",
    "#     array_value.append(  np.split(keyframes_to_np(seq.keyframes)[:,2 :][i], 4 )  )\n",
    "# np_array_value = np.array(array_value)\n",
    "\n",
    "# points = transform( np_array_value )\n",
    "# coords = plot_trajectory3(points)\n",
    "# p = draw(coords, new_image())\n",
    "# show(p)\n",
    "\n",
    "\n",
    "\n",
    "#old points \n",
    "# array_value = []\n",
    "# for i in range(0, len(np_matrix_values) ):\n",
    "#     array_value.append(  np.split(np_matrix_values[i], 4 )  )\n",
    "# np_array_value = np.array(array_value)\n",
    "\n",
    "# points = transform( np_array_value )\n",
    "# coords = plot_trajectory3(points)\n",
    "# p = draw(coords, new_image())\n",
    "# show(p)\n",
    "\n",
    "# #new points\n",
    "\n",
    "# start_array_value = []\n",
    "# for i in range(0, len(cv_keyframes_BA[:,2 :] ) ):\n",
    "#     start_array_value.append(  np.split(cv_keyframes_BA[:,2 :][i], 4 )  )\n",
    "# start_array_value = np.array(start_array_value)\n",
    "\n",
    "# points_start = transform( start_array_value )\n",
    "# coords_start = plot_trajectory3(points_start)\n",
    "# p_start = draw(coords_start, new_image())\n",
    "# show(p_start)\n",
    "\n",
    "\n",
    "keyframes_np_MO = keyframes_to_np(seq.keyframes)\n",
    "\n",
    "# np.save('cv_keyframes', cv_keyframes_BA)\n",
    "# np.save('f_keyframes', f_keyframes_np)\n",
    "# np.save('mappoints', mappoints_np)\n",
    "# np.save('links', links_np)\n"
   ]
  },
  {
   "cell_type": "code",
   "execution_count": 6,
   "metadata": {},
   "outputs": [
    {
     "name": "stdout",
     "output_type": "stream",
     "text": [
      "Keyframes count\n",
      " 20 \n",
      "\n",
      "mappoints count  \n",
      " (1519, '\\n')\n",
      "mappoints \n",
      " [[  2.46100000e+03   3.52533337e+00  -1.04377851e-01   6.68996535e+00\n",
      "    1.00000000e+00]\n",
      " [  1.67000000e+03  -9.79119350e+00  -5.63984439e+00   1.29878106e+02\n",
      "    1.00000000e+00]\n",
      " [  2.99500000e+03  -6.44451494e+00  -3.43479395e+00   1.88172775e+01\n",
      "    1.00000000e+00]\n",
      " ..., \n",
      " [  3.51000000e+03  -1.14605704e+01  -6.54138504e-02   2.12227011e+01\n",
      "    1.00000000e+00]\n",
      " [  2.63900000e+03  -6.70251704e+00  -3.05234987e+00   1.88804096e+01\n",
      "    1.00000000e+00]\n",
      " [  2.27400000e+03  -1.19936217e+01  -7.42976100e-01   2.77946069e+01\n",
      "    1.00000000e+00]] \n",
      "\n",
      "links count  \n",
      " (4668, '\\n')\n",
      "links \n",
      " [[ 2461.    11.   986.   174.]\n",
      " [ 2461.    10.   942.   174.]\n",
      " [ 2461.     8.   876.   180.]\n",
      " ..., \n",
      " [ 2639.    11.   352.    69.]\n",
      " [ 2274.     8.   297.   166.]\n",
      " [ 2274.     7.   301.   168.]] \n",
      "\n",
      "Keyframes \n",
      " [<src.frame.Frame object at 0x7f995c070710>, <src.frame.Frame object at 0x7f995c070240>, <src.frame.Frame object at 0x7f995c070208>, <src.frame.Frame object at 0x7f995c070828>, <src.frame.Frame object at 0x7f995c070588>, <src.frame.Frame object at 0x7f995c070550>, <src.frame.Frame object at 0x7f995c070898>, <src.frame.Frame object at 0x7f995c070978>, <src.frame.Frame object at 0x7f995c0709b0>, <src.frame.Frame object at 0x7f995c070940>, <src.frame.Frame object at 0x7f995c0708d0>, <src.frame.Frame object at 0x7f995c070908>, <src.frame.Frame object at 0x7f995c070860>, <src.frame.Frame object at 0x7f995c0709e8>] \n",
      "\n",
      "Keyframes numpy \n",
      " [[  1.00000000e+00   0.00000000e+00   0.00000000e+00   0.00000000e+00\n",
      "    0.00000000e+00   1.00000000e+00   0.00000000e+00   0.00000000e+00\n",
      "    0.00000000e+00   0.00000000e+00   1.00000000e+00   0.00000000e+00\n",
      "    0.00000000e+00   0.00000000e+00   0.00000000e+00   1.00000000e+00]\n",
      " [  9.99989951e-01   2.88687753e-03   3.42995166e-03   1.02907941e-03\n",
      "   -2.89330954e-03   9.99994063e-01   1.87176716e-03   8.38253233e-03\n",
      "   -3.42452774e-03  -1.88167226e-03   9.99992366e-01  -6.68973946e-01\n",
      "    0.00000000e+00   0.00000000e+00   0.00000000e+00   1.00000000e+00]\n",
      " [  9.99969338e-01   1.30909853e-03   7.72070337e-03   4.91268840e-04\n",
      "   -1.33983491e-03   9.99991193e-01   3.97720618e-03  -3.33142533e-04\n",
      "   -7.71542882e-03  -3.98742870e-03   9.99962286e-01  -1.36569390e+00\n",
      "    0.00000000e+00   0.00000000e+00   0.00000000e+00   1.00000000e+00]\n",
      " [  9.99920871e-01   1.36439969e-03   1.25056259e-02  -1.49925142e-02\n",
      "   -1.43724761e-03   9.99982042e-01   5.81807687e-03  -7.83875556e-03\n",
      "   -1.24974632e-02  -5.83559017e-03   9.99904875e-01  -2.08707236e+00\n",
      "    0.00000000e+00   0.00000000e+00   0.00000000e+00   1.00000000e+00]\n",
      " [  9.99834207e-01   1.22815812e-04   1.82083074e-02  -3.17584467e-02\n",
      "   -2.41524461e-04   9.99978732e-01   6.51742174e-03  -1.08519101e-02\n",
      "   -1.82071197e-02  -6.52073895e-03   9.99812973e-01  -2.83494494e+00\n",
      "    0.00000000e+00   0.00000000e+00   0.00000000e+00   1.00000000e+00]\n",
      " [  9.99677578e-01   1.49875066e-03   2.53474646e-02  -1.07040493e-01\n",
      "   -1.63831741e-03   9.99983608e-01   5.48627215e-03   2.13608137e-02\n",
      "   -2.53388265e-02  -5.52603045e-03   9.99663647e-01  -3.59592389e+00\n",
      "    0.00000000e+00   0.00000000e+00   0.00000000e+00   1.00000000e+00]\n",
      " [  9.99468653e-01  -5.72086501e-05   3.25946149e-02  -1.88861836e-01\n",
      "   -1.16806934e-04   9.99985752e-01   5.33685411e-03   5.39874453e-02\n",
      "   -3.25944558e-02  -5.33782567e-03   9.99454406e-01  -4.36573748e+00\n",
      "    0.00000000e+00   0.00000000e+00   0.00000000e+00   1.00000000e+00]\n",
      " [  9.99184819e-01  -2.20872621e-03   4.03090487e-02  -2.76892962e-01\n",
      "    2.02946207e-03   9.99987871e-01   4.48762089e-03   8.72207010e-02\n",
      "   -4.03184718e-02  -4.40215698e-03   9.99177182e-01  -5.13650591e+00\n",
      "    0.00000000e+00   0.00000000e+00   0.00000000e+00   1.00000000e+00]\n",
      " [  9.98988470e-01  -2.74618643e-03   4.48831338e-02  -3.06717116e-01\n",
