{
 "cells": [
  {
   "cell_type": "markdown",
   "metadata": {},
   "source": [
    "# Match Kitti Sequence version 22-11\n",
    "\n",
    "Reads a sequence of stereo images as Frame. The Frames are scanned to identify FramePoints that are pixels that are at the top or botrom of vertical lines in the image. A patch is taken around each of the FramePoints in the left hand image, to match these to a patch in the right hand image and estimate the disparity/distance of the framePoint.\n",
    "\n",
    "A Sequence is created in which the first Frame is the KeyFrame. It's initial FramePoints are culled to keep only the points for which there is a confident estimate of its depth. The consecutive frames are used to track the KeyFrame's remaining FramePoints. Only a limited number of all framePoints will be found in the consecutive frames, mostly because nearby objects become larger quickly as we get closer. The matching FramePoints are given the same FramePointId as the corresponding point in the KeyFrame and its depth is estimated.\n",
    "\n",
    "The results are dumped into a folder 'dump', containing files 0.txt, 1.txt, etc. 0.txt contains the FramePoints as observed from the first frame, 1.txt form the second frame, etc. In these files, each row contains a single FramePoint with the values FramePointID, X, Y, Depth."
   ]
  },
  {
   "cell_type": "code",
   "execution_count": 1,
   "metadata": {
    "collapsed": true
   },
   "outputs": [],
   "source": [
    "# when you change a setting you have to restart the kernel (settings are only loaded once)\n",
    "import os\n",
    "os.environ['STEREO_CONFIDENCE'] = '1.6'\n",
    "os.environ['SEQUENCE_CONFIDENCE'] = '1.6'\n",
    "#os.environ['PATCH_SIZE'] = '17'\n",
    "\n",
    "import sys\n",
    "sys.path.append('..')\n",
    "from src.kitti import *\n",
    "%matplotlib inline\n",
    "import numpy as np\n",
    "import glob"
   ]
  },
  {
   "cell_type": "markdown",
   "metadata": {},
   "source": [
    "Read the frames for KITTI sequence 00."
   ]
  },
  {
   "cell_type": "code",
   "execution_count": 2,
   "metadata": {},
   "outputs": [
    {
     "name": "stdout",
     "output_type": "stream",
     "text": [
      "CPU times: user 2.06 ms, sys: 3.79 ms, total: 5.85 ms\n",
      "Wall time: 5.24 ms\n"
     ]
    }
   ],
   "source": [
    "%%time\n",
    "SEQUENCE=7\n",
    "LEFTDIR = '/data/urbinn/datasets/kitti/sequences/%02d/image_2'%SEQUENCE\n",
    "RIGHTDIR = '/data/urbinn/datasets/kitti/sequences/%02d/image_3'%SEQUENCE\n",
    "\n",
    "frame = []\n",
    "for filename in sorted(glob.glob(LEFTDIR + '/*')):\n",
    "    left_frame = Frame(filename, RIGHTDIR)\n",
    "    frame.append(left_frame)"
   ]
  },
  {
   "cell_type": "markdown",
   "metadata": {},
   "source": [
    "Turn the list of frames into a sequence. The first frame is automatically taken as the KeyFrame and its FramePoints are rerieved, depth is estimated, only the most confident points are kept, and they are tracked in the other frames."
   ]
  },
  {
   "cell_type": "code",
   "execution_count": 3,
   "metadata": {},
   "outputs": [
    {
     "name": "stderr",
     "output_type": "stream",
     "text": [
      "  0% (1 of 1101) |                        | Elapsed Time: 0:00:00 ETA:  0:10:27"
     ]
    },
    {
     "name": "stdout",
     "output_type": "stream",
     "text": [
      "connected mappoints  0\n",
      "1 \n",
      " [[  9.99978673e-01  -3.51963893e-04   6.52148880e-03   6.32208525e-03]\n",
      " [  3.53057368e-04   9.99999924e-01  -1.66522225e-04  -1.62464561e-03]\n",
      " [ -6.52142969e-03   1.68821133e-04   9.99978721e-01  -9.24820226e-02]\n",
      " [  0.00000000e+00   0.00000000e+00   0.00000000e+00   1.00000000e+00]]\n"
     ]
    },
    {
     "name": "stderr",
     "output_type": "stream",
     "text": [
      "\r",
      "                                                                               \r",
      "\r",
      "  0% (2 of 1101) |                        | Elapsed Time: 0:00:01 ETA:  0:12:32"
     ]
    },
    {
     "name": "stdout",
     "output_type": "stream",
     "text": [
      "connected mappoints  111\n",
      "1 0.00868089725771\n",
      "2 \n",
      " [[  9.99975903e-01  -6.95203842e-04   6.90725701e-03   9.33147954e-03]\n",
      " [  6.94578477e-04   9.99999754e-01   9.29358913e-05   1.89887833e-03]\n",
      " [ -6.90731992e-03  -8.81360198e-05   9.99976140e-01  -9.68139051e-02]\n",
      " [  0.00000000e+00   0.00000000e+00   0.00000000e+00   1.00000000e+00]]\n"
     ]
    },
    {
     "name": "stderr",
     "output_type": "stream",
     "text": [
      "\r",
      "                                                                               \r",
      "\r",
      "  0% (3 of 1101) |                        | Elapsed Time: 0:00:02 ETA:  0:14:13"
     ]
    },
    {
     "name": "stdout",
     "output_type": "stream",
     "text": [
      "connected mappoints  134\n",
      "2 4.0902420271e-05\n",
      "3 \n",
      " [[  9.99973473e-01  -3.94808728e-04   7.27303829e-03   1.12348431e-02]\n",
      " [  3.89494846e-04   9.99999656e-01   7.32029463e-04   1.84029844e-03]\n",
      " [ -7.27332480e-03  -7.29177233e-04   9.99973283e-01  -9.91773606e-02]\n",
      " [  0.00000000e+00   0.00000000e+00   0.00000000e+00   1.00000000e+00]]\n"
     ]
    },
    {
     "name": "stderr",
     "output_type": "stream",
     "text": [
      "\r",
      "                                                                               \r",
      "\r",
      "  0% (4 of 1101) |                        | Elapsed Time: 0:00:03 ETA:  0:15:07"
     ]
    },
    {
     "name": "stdout",
     "output_type": "stream",
     "text": [
      "connected mappoints  133\n",
      "3 1.04826035381e-05\n",
      "4 \n",
      " [[  9.99958419e-01  -7.88942010e-04   9.08507246e-03   1.15136282e-02]\n",
      " [  7.76800846e-04   9.99998801e-01   1.33983731e-03   1.37446771e-03]\n",
      " [ -9.08611861e-03  -1.33272430e-03   9.99957832e-01  -1.06775892e-01]\n",
      " [  0.00000000e+00   0.00000000e+00   0.00000000e+00   1.00000000e+00]]\n"
     ]
    },
    {
     "name": "stderr",
     "output_type": "stream",
     "text": [
      "\r",
      "                                                                               \r",
      "\r",
      "  0% (5 of 1101) |                        | Elapsed Time: 0:00:04 ETA:  0:15:11"
     ]
    },
    {
     "name": "stdout",
     "output_type": "stream",
     "text": [
      "connected mappoints  147\n",
      "4 6.56416066188e-05\n",
      "5 \n",
      " [[  9.99940237e-01  -3.62893184e-04   1.09266285e-02   1.86181741e-02]\n",
      " [  3.45993039e-04   9.99998741e-01   1.54854405e-03   2.24293403e-03]\n",
      " [ -1.09271767e-02  -1.54467097e-03   9.99939104e-01  -1.14309702e-01]\n",
      " [  0.00000000e+00   0.00000000e+00   0.00000000e+00   1.00000000e+00]]\n"
     ]
    },
    {
     "name": "stderr",
     "output_type": "stream",
     "text": [
      "\r",
      "                                                                               \r",
      "\r",
      "  0% (6 of 1101) |                        | Elapsed Time: 0:00:05 ETA:  0:15:25"
     ]
    },
    {
     "name": "stdout",
     "output_type": "stream",
     "text": [
      "connected mappoints  133\n",
      "5 0.000115224192254\n",
      "6 \n",
      " [[  9.99909614e-01   1.02676991e-04   1.34444775e-02   1.64504404e-02]\n",
      " [ -1.16995734e-04   9.99999427e-01   1.06424570e-03  -1.97181156e-03]\n",
      " [ -1.34443605e-02  -1.06572245e-03   9.99909053e-01  -1.30973904e-01]\n",
      " [  0.00000000e+00   0.00000000e+00   0.00000000e+00   1.00000000e+00]]\n"
     ]
    },
    {
     "name": "stderr",
     "output_type": "stream",
     "text": [
      "\r",
      "                                                                               \r",
      "\r",
      "  0% (7 of 1101) |                        | Elapsed Time: 0:00:06 ETA:  0:15:54"
     ]
    },
    {
     "name": "stdout",
     "output_type": "stream",
     "text": [
      "connected mappoints  147\n",
      "6 0.000313731446887\n",
      "7 \n",
      " [[  9.99870969e-01   2.19831617e-04   1.60623110e-02   1.73573023e-02]\n",
      " [ -2.17994150e-04   9.99999969e-01  -1.16146965e-04   5.61170437e-04]\n",
      " [ -1.60623360e-02   1.12630489e-04   9.99870986e-01  -1.42455910e-01]\n",
      " [  0.00000000e+00   0.00000000e+00   0.00000000e+00   1.00000000e+00]]\n"
     ]
    },
    {
     "name": "stderr",
     "output_type": "stream",
     "text": [
      "\r",
      "                                                                               \r",
      "\r",
      "  0% (8 of 1101) |                        | Elapsed Time: 0:00:07 ETA:  0:16:13"
     ]
    },
    {
     "name": "stdout",
     "output_type": "stream",
     "text": [
      "connected mappoints  150\n",
      "7 0.000155590407851\n",
      "8 \n",
      " [[  9.99832969e-01   1.33745166e-03   1.82276219e-02   2.31926259e-02]\n",
      " [ -1.34032613e-03   9.99999091e-01   1.45483310e-04   6.93181725e-04]\n",
      " [ -1.82274107e-02  -1.69889968e-04   9.99833853e-01  -1.62169143e-01]\n",
      " [  0.00000000e+00   0.00000000e+00   0.00000000e+00   1.00000000e+00]]\n"
     ]
    },
    {
     "name": "stderr",
     "output_type": "stream",
     "text": [
      "\r",
      "                                                                               \r",
      "\r",
      "  0% (9 of 1101) |                        | Elapsed Time: 0:00:08 ETA:  0:16:39"
     ]
    },
    {
     "name": "stdout",
     "output_type": "stream",
     "text": [
      "connected mappoints  147\n",
      "8 0.000434715917657\n",
      "9 \n",
      " [[  9.99806321e-01   1.03596073e-03   1.96531597e-02   2.07168119e-02]\n",
      " [ -1.03569584e-03   9.99999463e-01  -2.36561436e-05   5.03806875e-03]\n",
      " [ -1.96531737e-02   3.29686603e-06   9.99806858e-01  -1.66668554e-01]\n",
      " [  0.00000000e+00   0.00000000e+00   0.00000000e+00   1.00000000e+00]]\n"
     ]
    },
    {
     "name": "stderr",
     "output_type": "stream",
     "text": [
      "\r",
      "                                                                               \r",
      "\r",
      "  0% (10 of 1101) |                       | Elapsed Time: 0:00:09 ETA:  0:17:03"
     ]
    },
    {
     "name": "stdout",
     "output_type": "stream",
     "text": [
      "connected mappoints  145\n",
      "9 4.9561096056e-05\n",
      "10 \n",
      " [[  9.99760484e-01   2.68134295e-04   2.18838504e-02   2.78671853e-02]\n",
      " [ -2.75127384e-04   9.99999912e-01   3.16544629e-04   2.33515970e-03]\n",
      " [ -2.18837636e-02  -3.22489658e-04   9.99760470e-01  -1.77228208e-01]\n",
      " [  0.00000000e+00   0.00000000e+00   0.00000000e+00   1.00000000e+00]]\n"
     ]
    },
    {
     "name": "stderr",
     "output_type": "stream",
     "text": [
      "\r",
      "                                                                               \r",
      "\r",
      "  0% (11 of 1101) |                       | Elapsed Time: 0:00:10 ETA:  0:18:10"
     ]
    },
    {
     "name": "stdout",
     "output_type": "stream",
     "text": [
      "connected mappoints  163\n",
      "10 0.000181285499851\n",
      "11 \n",
      " [[ 0.99971072 -0.00379492  0.02375015  0.03489811]\n",
      " [ 0.0037636   0.99999199  0.00136316  0.00454264]\n",
      " [-0.02375513 -0.00127338  0.999717   -0.18313689]\n",
      " [ 0.          0.          0.          1.        ]]\n"
     ]
    },
    {
     "name": "stderr",
     "output_type": "stream",
     "text": [
      "\r",
      "                                                                               \r",
      "\r",
      "  1% (12 of 1101) |                       | Elapsed Time: 0:00:11 ETA:  0:18:51"
     ]
    },
    {
     "name": "stdout",
     "output_type": "stream",
     "text": [
      "connected mappoints  164\n",
      "11 0.000131028174925\n",
      "12 \n",
      " [[ 0.99966987 -0.00456882  0.02528385  0.03712841]\n",
      " [ 0.00452694  0.99998829  0.00171347  0.00327961]\n",
      " [-0.02529138 -0.00159844  0.99967884 -0.19262476]\n",
      " [ 0.          0.          0.          1.        ]]\n"
     ]
    },
    {
     "name": "stderr",
     "output_type": "stream",
     "text": [
      "\r",
      "                                                                               \r",
      "\r",
      "  1% (13 of 1101) |                       | Elapsed Time: 0:00:12 ETA:  0:19:15"
     ]
    },
    {
     "name": "stdout",
     "output_type": "stream",
     "text": [
      "connected mappoints  155\n",
      "12 0.00010271466852\n",
      "13 \n",
      " [[ 0.99963427 -0.00262744  0.02691498  0.03584111]\n",
      " [ 0.00259674  0.99999594  0.00117543  0.00312862]\n",
      " [-0.02691796 -0.00110511  0.99963704 -0.19683768]\n",
      " [ 0.          0.          0.          1.        ]]\n"
     ]
    },
    {
     "name": "stderr",
     "output_type": "stream",
     "text": [
      "\r",
      "                                                                               \r",
      "\r",
      "  1% (14 of 1101) |                       | Elapsed Time: 0:00:14 ETA:  0:19:41"
     ]
    },
    {
     "name": "stdout",
     "output_type": "stream",
     "text": [
      "connected mappoints  156\n",
      "13 3.27654381756e-05\n",
      "14 \n",
      " [[  9.99561663e-01  -1.18984839e-03   2.95815013e-02   3.55355753e-02]\n",
      " [  1.17144379e-03   9.99999109e-01   6.39488430e-04   1.30765315e-03]\n",
      " [ -2.95822359e-02  -6.04555053e-04   9.99562167e-01  -2.22434881e-01]\n",
      " [  0.00000000e+00   0.00000000e+00   0.00000000e+00   1.00000000e+00]]\n"
     ]
    },
    {
     "name": "stderr",
     "output_type": "stream",
     "text": [
      "\r",
      "                                                                               \r",
      "\r",
      "  1% (15 of 1101) |                       | Elapsed Time: 0:00:15 ETA:  0:20:30"
     ]
    },
    {
     "name": "stdout",
     "output_type": "stream",
     "text": [
      "connected mappoints  166\n",
      "14 0.000677481734599\n",
      "15 \n",
      " [[  9.99509326e-01  -2.03955458e-03   3.12561561e-02   3.23101624e-02]\n",
      " [  2.04322309e-03   9.99997909e-01  -8.54301616e-05   4.69140073e-03]\n",
      " [ -3.12559165e-02   1.49251543e-04   9.99511403e-01  -2.15867510e-01]\n",
      " [  0.00000000e+00   0.00000000e+00   0.00000000e+00   1.00000000e+00]]\n"
     ]
    },
    {
     "name": "stderr",
     "output_type": "stream",
     "text": [
      "\r",
      "                                                                               \r",
      "\r",
      "  1% (16 of 1101) |                       | Elapsed Time: 0:00:16 ETA:  0:21:07"
     ]
    },
    {
     "name": "stdout",
     "output_type": "stream",
     "text": [
      "connected mappoints  164\n",
      "15 7.31701255729e-05\n",
      "16 \n",
      " [[  9.99467794e-01  -1.39805908e-03   3.25910172e-02   3.59697629e-02]\n",
      " [  1.41025215e-03   9.99998944e-01  -3.51139697e-04  -3.39205285e-04]\n",
      " [ -3.25904918e-02   3.96914370e-04   9.99468710e-01  -2.18262851e-01]\n",
      " [  0.00000000e+00   0.00000000e+00   0.00000000e+00   1.00000000e+00]]\n"
     ]
    },
    {
     "name": "stderr",
     "output_type": "stream",
     "text": [
      "\r",
      "                                                                               \r",
      "\r",
      "  1% (17 of 1101) |                       | Elapsed Time: 0:00:18 ETA:  0:21:37"
     ]
    },
    {
     "name": "stdout",
     "output_type": "stream",
     "text": [
      "connected mappoints  166\n",
      "16 4.89479348358e-05\n",
      "17 \n",
      " [[  9.99379898e-01  -1.98981863e-03   3.51548106e-02   3.49044404e-02]\n",
      " [  2.00698524e-03   9.99997883e-01  -4.53032887e-04   1.83597935e-03]\n",
      " [ -3.51538347e-02   5.23307146e-04   9.99381776e-01  -2.31783025e-01]\n",
      " [  0.00000000e+00   0.00000000e+00   0.00000000e+00   1.00000000e+00]]\n"
     ]
    },
    {
     "name": "stderr",
     "output_type": "stream",
     "text": [
      "\r",
      "                                                                               \r",
      "\r",
      "  1% (18 of 1101) |                       | Elapsed Time: 0:00:19 ETA:  0:22:10"
     ]
    },
    {
     "name": "stdout",
     "output_type": "stream",
     "text": [
      "connected mappoints  148\n",
      "17 0.000202553114967\n",
      "18 \n",
      " [[  9.99371915e-01  -1.73799112e-03   3.53942762e-02   2.91268192e-02]\n",
      " [  1.71776071e-03   9.99998343e-01   6.01973898e-04  -1.34887871e-03]\n",
      " [ -3.53952638e-02  -5.40796910e-04   9.99373245e-01  -2.06479528e-01]\n",
      " [  0.00000000e+00   0.00000000e+00   0.00000000e+00   1.00000000e+00]]\n"
     ]
    },
    {
     "name": "stderr",
     "output_type": "stream",
     "text": [
      "\r",
      "                                                                               \r",
      "\r",
      "  1% (19 of 1101) |                       | Elapsed Time: 0:00:20 ETA:  0:22:57"
     ]
    },
    {
     "name": "stdout",
     "output_type": "stream",
     "text": [
      "connected mappoints  180\n",
      "18 0.000686299378882\n",
      "19 \n",
      " [[  9.99356364e-01  -3.35292454e-03   3.57157503e-02   3.08363920e-02]\n",
      " [  3.34974042e-03   9.99994379e-01   1.48989634e-04   2.13189775e-03]\n",
      " [ -3.57160491e-02  -2.92552459e-05   9.99361978e-01  -2.17586271e-01]\n",
      " [  0.00000000e+00   0.00000000e+00   0.00000000e+00   1.00000000e+00]]\n"
     ]
    },
    {
     "name": "stderr",
     "output_type": "stream",
     "text": [
      "\r",
      "                                                                               \r",
      "\r",
      "  1% (20 of 1101) |                       | Elapsed Time: 0:00:22 ETA:  0:23:59"
     ]
    },
    {
     "name": "stdout",
     "output_type": "stream",
     "text": [
      "connected mappoints  191\n",
      "19 0.00014434306085\n",
      "20 \n",
      " [[  9.99276702e-01  -1.00520591e-03   3.80139841e-02   3.08884249e-02]\n",
      " [  9.97828714e-04   9.99999479e-01   2.13037302e-04   2.47551968e-03]\n",
      " [ -3.80141785e-02  -1.74951768e-04   9.99277185e-01  -2.31616520e-01]\n",
      " [  0.00000000e+00   0.00000000e+00   0.00000000e+00   1.00000000e+00]]\n"
     ]
    },
    {
     "name": "stderr",
     "output_type": "stream",
     "text": [
      "\r",
      "                                                                               \r",
      "\r",
      "  1% (21 of 1101) |                       | Elapsed Time: 0:00:24 ETA:  0:24:53"
     ]
    },
    {
     "name": "stdout",
     "output_type": "stream",
     "text": [
      "connected mappoints  198\n",
      "20 0.000218614100111\n",
      "21 \n",
      " [[  9.99145275e-01   4.50865776e-03   4.10900386e-02   1.89502870e-02]\n",
      " [ -4.58121434e-03   9.99988109e-01   1.67180478e-03  -1.90206576e-04]\n",
      " [ -4.10820124e-02  -1.85861812e-03   9.99154049e-01  -2.30891553e-01]\n",
      " [  0.00000000e+00   0.00000000e+00   0.00000000e+00   1.00000000e+00]]\n"
     ]
    },
    {
     "name": "stderr",
     "output_type": "stream",
     "text": [
      "\r",
      "                                                                               \r",
      "\r",
      "  1% (22 of 1101) |                       | Elapsed Time: 0:00:26 ETA:  0:25:52"
     ]
    },
    {
     "name": "stdout",
     "output_type": "stream",
     "text": [
      "connected mappoints  202\n",
      "21 0.000235548240006\n",
      "22 \n",
      " [[  9.99048638e-01   4.48095760e-03   4.33790299e-02   2.21560118e-02]\n",
      " [ -4.52606022e-03   9.99989314e-01   9.41574286e-04   6.08244491e-03]\n",
      " [ -4.33743472e-02  -1.13701461e-03   9.99058243e-01  -2.33070003e-01]\n",
      " [  0.00000000e+00   0.00000000e+00   0.00000000e+00   1.00000000e+00]]\n"
     ]
    },
    {
     "name": "stderr",
     "output_type": "stream",
     "text": [
      "\r",
      "                                                                               \r",
      "\r",
      "  2% (23 of 1101) |                       | Elapsed Time: 0:00:27 ETA:  0:26:44"
     ]
    },
    {
     "name": "stdout",
     "output_type": "stream",
     "text": [
      "connected mappoints  192\n",
      "22 6.59390289267e-05\n",
      "23 \n",
      " [[  9.98889354e-01  -5.97899048e-04   4.71137112e-02   3.24721131e-02]\n",
      " [  7.25717866e-04   9.99996103e-01  -2.69592712e-03   1.08523008e-02]\n",
      " [ -4.71119157e-02   2.72712416e-03   9.98885894e-01  -2.41402907e-01]\n",
      " [  0.00000000e+00   0.00000000e+00   0.00000000e+00   1.00000000e+00]]\n"
     ]
    },
    {
     "name": "stderr",
     "output_type": "stream",
     "text": [
      "\r",
      "                                                                               \r",
      "\r",
      "  2% (24 of 1101) |                       | Elapsed Time: 0:00:29 ETA:  0:27:38"
     ]
    },
    {
     "name": "stdout",
     "output_type": "stream",
     "text": [
      "connected mappoints  154\n",
      "23 0.000308122091256\n",
      "24 \n",
      " [[ 0.99869113 -0.00470747  0.05093005  0.03853099]\n",
      " [ 0.00484678  0.99998484 -0.00261222  0.00883136]\n",
      " [-0.05091698  0.00285565  0.99869881 -0.24803871]\n",
      " [ 0.          0.          0.          1.        ]]\n"
     ]
    },
    {
     "name": "stderr",
     "output_type": "stream",
     "text": [
      "\r",
      "                                                                               \r",
      "\r",
      "  2% (25 of 1101) |                       | Elapsed Time: 0:00:31 ETA:  0:28:26"
     ]
    },
    {
     "name": "stdout",
     "output_type": "stream",
     "text": [
      "connected mappoints  142\n",
      "24 0.00014784073849\n",
      "25 \n",
      " [[  9.98572896e-01  -3.75849832e-03   5.32732984e-02   4.14496768e-02]\n",
      " [  3.80948493e-03   9.99992378e-01  -8.55564243e-04   1.08477024e-02]\n",
      " [ -5.32696767e-02   1.05728709e-03   9.98579603e-01  -2.53218463e-01]\n",
      " [  0.00000000e+00   0.00000000e+00   0.00000000e+00   1.00000000e+00]]\n"
     ]
    },
    {
     "name": "stderr",
     "output_type": "stream",
     "text": [
      "\r",
      "                                                                               \r",
      "\r",
      "  2% (26 of 1101) |                       | Elapsed Time: 0:00:33 ETA:  0:29:27"
     ]
    },
    {
     "name": "stdout",
     "output_type": "stream",
     "text": [
      "connected mappoints  152\n",
      "25 5.87649607103e-05\n",
      "26 \n",
      " [[  9.98464838e-01   5.10345868e-04   5.53868877e-02   3.37298864e-02]\n",
      " [ -5.52703822e-04   9.99999566e-01   7.49449672e-04   4.86200821e-03]\n",
      " [ -5.53864812e-02  -7.78911690e-04   9.98464687e-01  -2.73220080e-01]\n",
      " [  0.00000000e+00   0.00000000e+00   0.00000000e+00   1.00000000e+00]]\n"
     ]
    },
    {
     "name": "stderr",
     "output_type": "stream",
     "text": [
      "\r",
      "                                                                               \r",
      "\r",
      "  2% (27 of 1101) |                       | Elapsed Time: 0:00:35 ETA:  0:30:20"
     ]
    },
    {
     "name": "stdout",
     "output_type": "stream",
     "text": [
      "connected mappoints  137\n",
      "26 0.000547660835286\n",
      "27 \n",
      " [[  9.98310941e-01   5.47744858e-03   5.78382482e-02   2.60141368e-02]\n",
      " [ -5.47221898e-03   9.99984996e-01  -2.48802914e-04   4.51362026e-03]\n",
      " [ -5.78387433e-02  -6.81208879e-05   9.98325936e-01  -2.80720257e-01]\n",
      " [  0.00000000e+00   0.00000000e+00   0.00000000e+00   1.00000000e+00]]\n"
     ]
    },
    {
     "name": "stderr",
     "output_type": "stream",
     "text": [
      "\r",
      "                                                                               \r",
      "\r",
      "  2% (28 of 1101) |                       | Elapsed Time: 0:00:36 ETA:  0:31:10"
     ]
    },
    {
     "name": "stdout",
     "output_type": "stream",
     "text": [
      "connected mappoints  136\n",
      "27 0.000178348204631\n",
      "28 \n",
      " [[  9.98282704e-01   4.72614688e-03   5.83892634e-02   3.06707941e-02]\n",
      " [ -4.74043354e-03   9.99988758e-01   1.06167873e-04   2.75015862e-03]\n",
      " [ -5.83881053e-02  -3.82775974e-04   9.98293886e-01  -2.99793965e-01]\n",
      " [  0.00000000e+00   0.00000000e+00   0.00000000e+00   1.00000000e+00]]\n"
     ]
    },
    {
     "name": "stderr",
     "output_type": "stream",
     "text": [
      "\r",
      "                                                                               \r",
      "\r",
      "  2% (29 of 1101) |                       | Elapsed Time: 0:00:38 ETA:  0:31:33"
     ]
    },
    {
     "name": "stdout",
     "output_type": "stream",
     "text": [
      "connected mappoints  124\n",
      "28 0.000390532808662\n",
      "29 \n",
      " [[ 0.9983214   0.00207513  0.05787987  0.03659965]\n",
      " [-0.0019933   0.99999693 -0.00147143  0.00352558]\n",
      " [-0.05788275  0.00135359  0.99832247 -0.30896241]\n",
      " [ 0.          0.          0.          1.        ]]\n"
     ]
    },
    {
     "name": "stderr",
     "output_type": "stream",
     "text": [
      "\r",
      "                                                                               \r",
      "\r",
      "  2% (30 of 1101) |                       | Elapsed Time: 0:00:40 ETA:  0:31:14"
     ]
    },
    {
     "name": "stdout",
     "output_type": "stream",
     "text": [
      "connected mappoints  95\n",
      "29 0.000140408697249\n",
      "30 \n",
      " [[  9.98250132e-01   1.40356398e-03   5.91160281e-02   4.06423904e-02]\n",
      " [ -1.29186241e-03   9.99997308e-01  -1.92770699e-03   9.83846125e-04]\n",
      " [ -5.91185746e-02   1.84796399e-03   9.98249257e-01  -3.18843044e-01]\n",
      " [  0.00000000e+00   0.00000000e+00   0.00000000e+00   1.00000000e+00]]\n"
     ]
    },
    {
     "name": "stderr",
     "output_type": "stream",
     "text": [
      "\r",
      "                                                                               \r",
      "\r",
      "  2% (31 of 1101) |                       | Elapsed Time: 0:00:41 ETA:  0:30:36"
     ]
    },
    {
     "name": "stdout",
     "output_type": "stream",
     "text": [
      "connected mappoints  111\n",
      "30 0.000124892443371\n",
      "31 \n",
      " [[ 0.99817951  0.00132468  0.06029852  0.04253711]\n",
      " [-0.00123552  0.99999809 -0.00151582  0.0034299 ]\n",
      " [-0.06030041  0.00143856  0.99817924 -0.32977968]\n",
      " [ 0.          0.          0.          1.        ]]\n"
     ]
    },
    {
     "name": "stderr",
     "output_type": "stream",
     "text": [
      "\r",
      "                                                                               \r",
      "\r",
      "  2% (32 of 1101) |                       | Elapsed Time: 0:00:42 ETA:  0:29:43"
     ]
    },
    {
     "name": "stdout",
     "output_type": "stream",
     "text": [
      "connected mappoints  119\n",
      "31 0.000132334643028\n",
      "32 \n",
      " [[  9.98203251e-01  -1.47537438e-04   5.99186787e-02   4.45727640e-02]\n",
      " [  2.28936469e-04   9.99999060e-01  -1.35162908e-03  -1.06492840e-03]\n",
      " [ -5.99184229e-02   1.36291812e-03   9.98202347e-01  -3.41111397e-01]\n",
      " [  0.00000000e+00   0.00000000e+00   0.00000000e+00   1.00000000e+00]]\n"
     ]
    },
    {
     "name": "stderr",
     "output_type": "stream",
     "text": [
      "\r",
      "                                                                               \r",
      "\r",
      "  2% (33 of 1101) |                       | Elapsed Time: 0:00:43 ETA:  0:28:29"
     ]
    },
    {
     "name": "stdout",
     "output_type": "stream",
     "text": [
      "connected mappoints  96\n",
      "32 0.000157391235266\n",
      "33 \n",
      " [[  9.98196458e-01  -2.65914589e-04   6.00313216e-02   4.13000053e-02]\n",
      " [  3.87061685e-04   9.99997912e-01  -2.00644541e-03  -1.10796468e-03]\n",
      " [ -6.00306627e-02   2.02606253e-03   9.98194477e-01  -3.57157641e-01]\n",
      " [  0.00000000e+00   0.00000000e+00   0.00000000e+00   1.00000000e+00]]\n"
     ]
    },
    {
     "name": "stderr",
     "output_type": "stream",
     "text": [
      "\r",
      "                                                                               \r",
      "\r",
      "  3% (34 of 1101) |                       | Elapsed Time: 0:00:44 ETA:  0:27:08"
     ]
    },
    {
     "name": "stdout",
     "output_type": "stream",
     "text": [
      "connected mappoints  117\n",
      "33 0.000269127729994\n",
      "34 \n",
      " [[  9.98252889e-01  -1.09296829e-03   5.90760148e-02   4.29848257e-02]\n",
      " [  1.17559506e-03   9.99998379e-01  -1.36391459e-03  -3.58382156e-04]\n",
      " [ -5.90744283e-02   1.43098115e-03   9.98252555e-01  -3.58944673e-01]\n",
      " [  0.00000000e+00   0.00000000e+00   0.00000000e+00   1.00000000e+00]]\n"
     ]
    },
    {
     "name": "stderr",
     "output_type": "stream",
     "text": [
      "\r",
      "                                                                               \r",
      "\r",
      "  3% (35 of 1101) |                       | Elapsed Time: 0:00:45 ETA:  0:25:37"
     ]
    },
    {
     "name": "stdout",
     "output_type": "stream",
     "text": [
      "connected mappoints  139\n",
      "34 1.05002989777e-05\n",
      "35 \n",
      " [[ 0.99834888  0.00145629  0.05742293  0.04508672]\n",
      " [-0.00124304  0.9999922  -0.0037492   0.00680435]\n",
      " [-0.05742794  0.00367163  0.9983429  -0.37561178]\n",
      " [ 0.          0.          0.          1.        ]]\n"
     ]
    },
    {
     "name": "stderr",
     "output_type": "stream",
     "text": [
      "\r",
      "                                                                               \r",
      "\r",
      "  3% (36 of 1101) |                       | Elapsed Time: 0:00:46 ETA:  0:24:01"
     ]
    },
    {
     "name": "stdout",
     "output_type": "stream",
     "text": [
      "connected mappoints  114\n",
      "35 0.00036203490638\n",
      "36 \n",
      " [[ 0.99848267  0.00311869  0.05497844  0.03805251]\n",
      " [-0.00295501  0.99999096 -0.00305809  0.01038093]\n",
      " [-0.05498748  0.00289099  0.99848286 -0.38600156]\n",
      " [ 0.          0.          0.          1.        ]]\n"
     ]
    },
    {
     "name": "stderr",
     "output_type": "stream",
     "text": [
      "\r",
      "                                                                               \r",
      "\r",
      "  3% (37 of 1101) |                       | Elapsed Time: 0:00:47 ETA:  0:22:11"
     ]
    },
    {
     "name": "stdout",
     "output_type": "stream",
     "text": [
      "connected mappoints  112\n",
      "36 0.000188969678791\n",
      "37 \n",
      " [[  9.98706065e-01   5.63496245e-04   5.08515298e-02   5.13600254e-02]\n",
      " [ -5.29413385e-04   9.99999626e-01  -6.83709528e-04   9.05382963e-03]\n",
      " [ -5.08518961e-02   6.55903371e-04   9.98705990e-01  -3.66850584e-01]\n",
      " [  0.00000000e+00   0.00000000e+00   0.00000000e+00   1.00000000e+00]]\n"
     ]
    },
    {
     "name": "stderr",
     "output_type": "stream",
     "text": [
      "\r",
      "                                                                               \r",
      "\r",
      "  3% (38 of 1101) |                       | Elapsed Time: 0:00:48 ETA:  0:20:13"
     ]
    },
    {
     "name": "stdout",
     "output_type": "stream",
     "text": [
      "connected mappoints  81\n",
      "37 0.000602890973839\n",
      "38 \n",
      " [[  9.98873711e-01  -3.24918894e-03   4.73365745e-02   4.14560554e-02]\n",
      " [  3.27689531e-03   9.99994502e-01  -5.07715375e-04   8.51783767e-03]\n",
      " [ -4.73346645e-02   6.62260541e-04   9.98878867e-01  -4.16915625e-01]\n",
      " [  0.00000000e+00   0.00000000e+00   0.00000000e+00   1.00000000e+00]]\n"
     ]
    },
    {
     "name": "stderr",
     "output_type": "stream",
     "text": [
      "\r",
      "                                                                               \r",
      "\r",
      "  3% (39 of 1101) |                       | Elapsed Time: 0:00:48 ETA:  0:18:12"
     ]
    },
    {
     "name": "stdout",
     "output_type": "stream",
     "text": [
      "connected mappoints  85\n",
      "38 0.00265872366087\n",
      "39 \n",
      " [[  9.99118289e-01  -3.45360944e-03   4.18415807e-02   4.49588663e-02]\n",
      " [  3.45762349e-03   9.99994022e-01  -2.35668789e-05   4.16696440e-03]\n",
      " [ -4.18412492e-02   1.68218532e-04   9.99124257e-01  -4.15792897e-01]\n",
      " [  0.00000000e+00   0.00000000e+00   0.00000000e+00   1.00000000e+00]]\n"
     ]
    },
    {
     "name": "stderr",
     "output_type": "stream",
     "text": [
      "\r",
      "                                                                               \r",
      "\r",
      "  3% (40 of 1101) |                       | Elapsed Time: 0:00:49 ETA:  0:16:31"
     ]
    },
    {
     "name": "stdout",
     "output_type": "stream",
     "text": [
      "connected mappoints  83\n",
      "39 9.3505830458e-05\n",
      "40 \n",
      " [[ 0.99929934 -0.00214635  0.03736608  0.03738036]\n",
      " [ 0.00209207  0.9999967   0.00149173  0.00244993]\n",
      " [-0.03736916 -0.00141251  0.99930053 -0.45097719]\n",
      " [ 0.          0.          0.          1.        ]]\n"
     ]
    },
    {
     "name": "stderr",
     "output_type": "stream",
     "text": [
      "\r",
      "                                                                               \r",
      "\r",
      "  3% (41 of 1101) |                       | Elapsed Time: 0:00:50 ETA:  0:15:12"
     ]
    },
    {
     "name": "stdout",
     "output_type": "stream",
     "text": [
      "connected mappoints  91\n",
      "40 0.00134677872735\n",
      "41 \n",
      " [[  9.99426140e-01   1.25572828e-04   3.38729101e-02   3.33708840e-02]\n",
      " [ -2.16463611e-04   9.99996386e-01   2.67963446e-03   4.24839543e-03]\n",
      " [ -3.38724513e-02  -2.68542898e-03   9.99422556e-01  -4.69590115e-01]\n",
      " [  0.00000000e+00   0.00000000e+00   0.00000000e+00   1.00000000e+00]]\n"
     ]
    },
    {
     "name": "stderr",
     "output_type": "stream",
     "text": [
      "\r",
      "                                                                               \r",
      "\r",
      "  3% (42 of 1101) |                       | Elapsed Time: 0:00:50 ETA:  0:14:03"
     ]
    },
    {
     "name": "stdout",
     "output_type": "stream",
     "text": [
      "connected mappoints  84\n",
      "41 0.000403733797864\n",
      "42 \n",
      " [[  9.99529354e-01  -9.36738439e-04   3.06625754e-02   3.26243980e-02]\n",
      " [  8.48412618e-04   9.99995454e-01   2.89345772e-03   4.34547548e-03]\n",
      " [ -3.06651464e-02  -2.86608141e-03   9.99525605e-01  -4.84014722e-01]\n",
      " [  0.00000000e+00   0.00000000e+00   0.00000000e+00   1.00000000e+00]]\n"
     ]
    },
    {
     "name": "stderr",
     "output_type": "stream",
     "text": [
      "\r",
      "                                                                               \r",
      "\r",
      "  3% (43 of 1101) |                       | Elapsed Time: 0:00:51 ETA:  0:13:30"
     ]
    },
    {
     "name": "stdout",
     "output_type": "stream",
     "text": [
      "connected mappoints  101\n",
      "42 0.000231591098496\n",
      "43 \n",
      " [[ 0.99965988 -0.00105701  0.02605762  0.02782214]\n",
      " [ 0.00100906  0.99999777  0.00185312  0.00527645]\n",
      " [-0.02605952 -0.0018262   0.99965873 -0.5035391 ]\n",
      " [ 0.          0.          0.          1.        ]]\n"
     ]
    },
    {
     "name": "stderr",
     "output_type": "stream",
     "text": [
      "\r",
      "                                                                               \r",
      "\r",
      "  3% (44 of 1101) |                       | Elapsed Time: 0:00:52 ETA:  0:12:56"
     ]
    },
    {
     "name": "stdout",
     "output_type": "stream",
     "text": [
      "connected mappoints  95\n",
      "43 0.000449786023655\n",
      "44 \n",
      " [[  9.99789107e-01  -7.33837503e-04   2.05232161e-02   2.19945817e-02]\n",
      " [  6.85640095e-04   9.99996991e-01   2.35537143e-03   8.22303132e-04]\n",
      " [ -2.05248828e-02  -2.34080316e-03   9.99786602e-01  -5.23708343e-01]\n",
      " [  0.00000000e+00   0.00000000e+00   0.00000000e+00   1.00000000e+00]]\n"
     ]
    },
    {
     "name": "stderr",
     "output_type": "stream",
     "text": [
      "\r",
      "                                                                               \r",
      "\r",
      "  4% (45 of 1101) |                       | Elapsed Time: 0:00:52 ETA:  0:12:26"
     ]
    },
    {
     "name": "stdout",
     "output_type": "stream",
     "text": [
      "connected mappoints  91\n",
      "44 0.000522619002746\n",
      "45 \n",
      " [[  9.99871821e-01   5.70883028e-04   1.60005173e-02   1.76726628e-02]\n",
      " [ -5.83557648e-04   9.99999520e-01   7.87480442e-04  -2.69786529e-04]\n",
      " [ -1.60000600e-02  -7.96716727e-04   9.99871673e-01  -5.37659716e-01]\n",
      " [  0.00000000e+00   0.00000000e+00   0.00000000e+00   1.00000000e+00]]\n"
     ]
    },
    {
     "name": "stderr",
     "output_type": "stream",
     "text": [
      "\r",
      "                                                                               \r",
      "\r",
      "  4% (46 of 1101) |                       | Elapsed Time: 0:00:53 ETA:  0:12:04"
     ]
    },
    {
     "name": "stdout",
     "output_type": "stream",
     "text": [
      "connected mappoints  96\n",
      "45 0.000263610998228\n",
      "46 \n",
      " [[  9.99918806e-01  -1.10966257e-03   1.26945000e-02   1.71018713e-02]\n",
      " [  1.11878332e-03   9.99999121e-01  -7.11401890e-04   1.70648481e-02]\n",
      " [ -1.26936995e-02   7.25546524e-04   9.99919169e-01  -5.45459459e-01]\n",
      " [  0.00000000e+00   0.00000000e+00   0.00000000e+00   1.00000000e+00]]\n"
     ]
    },
    {
     "name": "stderr",
     "output_type": "stream",
     "text": [
      "\r",
      "                                                                               \r",
      "\r",
      "  4% (47 of 1101) |                       | Elapsed Time: 0:00:54 ETA:  0:11:47"
     ]
    },
    {
     "name": "stdout",
     "output_type": "stream",
     "text": [
      "connected mappoints  97\n",
      "46 0.000393803726657\n",
      "47 \n",
      " [[  9.99954107e-01   2.39648294e-04   9.57734791e-03   1.71066301e-02]\n",
      " [ -2.29424750e-04   9.99999403e-01  -1.06855572e-03   1.16489975e-03]\n",
      " [ -9.57759826e-03   1.06630940e-03   9.99953565e-01  -5.63691124e-01]\n",
      " [  0.00000000e+00   0.00000000e+00   0.00000000e+00   1.00000000e+00]]\n"
     ]
    },
    {
     "name": "stderr",
     "output_type": "stream",
     "text": [
      "\r",
      "                                                                               \r",
      "\r",
      "  4% (48 of 1101) |#                      | Elapsed Time: 0:00:54 ETA:  0:11:40"
     ]
    },
    {
     "name": "stdout",
     "output_type": "stream",
     "text": [
      "connected mappoints  102\n",
      "47 0.000608513100222\n",
      "48 \n",
      " [[ 0.99997586 -0.00178153  0.00671622  0.01507671]\n",
      " [ 0.00179124  0.99999736 -0.00144012  0.01141935]\n",
      " [-0.00671364  0.00145212  0.99997641 -0.58819703]\n",
