{
 "cells": [
  {
   "cell_type": "markdown",
   "metadata": {},
   "source": [
    "# Store kitti sequence\n",
    "\n",
    "Create a sequence"
   ]
  },
  {
   "cell_type": "code",
   "execution_count": 37,
   "metadata": {
    "collapsed": true
   },
   "outputs": [],
   "source": [
    "# when you change a setting you have to restart the kernel (settings are only loaded once)\n",
    "import os\n",
    "#os.environ['STEREO_CONFIDENCE'] = '1.6'\n",
    "#os.environ['SEQUENCE_CONFIDENCE'] = '1.6'\n",
    "#os.environ['PATCH_SIZE'] = '17'\n",
    "FRAMECOUNT = 1101\n",
    "\n",
    "import sys\n",
    "sys.path.append('..')\n",
    "from src.kitti import *\n",
    "%matplotlib inline\n",
    "import numpy as np\n",
    "import glob\n",
    "import urbg2o\n",
    "import cv2\n",
    "\n",
    "\n",
    "IMAGE_SIZE = 400\n",
    "\n",
    "def load(file):\n",
    "    keyframeids, frameids, poses = load_keyframes(file)\n",
    "    return keyframeids, frameids, poses.reshape(poses.shape[0], 4, 4)\n",
    "\n",
    "def load_csv(file):\n",
    "    poses = np.genfromtxt(file, delimiter= \" \")\n",
    "    poses = np.hstack([poses, np.repeat(np.array([[0,0,0,1.0]]), len(poses), axis=0) ])\n",
    "    return poses.reshape(poses.shape[0], 4, 4)\n",
    "\n",
    "def transform(poses):\n",
    "    points = np.repeat(np.array([[0,0,0,1.0]]), len(poses), axis=0) \n",
    "    for i in range(1, len(poses)):\n",
    "        points[:i] = np.dot(points[:i], poses[i].T)\n",
    "    return points\n",
    "        \n",
    "def transform2(poses):\n",
    "    points = poses[:,:,3]\n",
    "    return points\n",
    "    \n",
    "def plot_trajectory(points):\n",
    "    # remove y coordinate (we only use x and z to plot a view from above)\n",
    "    points = points[:, [0,2,3]]\n",
    "    # compute min and max\n",
    "    pmin = points.min(axis=0)\n",
    "    pmax = points.max(axis=0)\n",
    "    maxxy = max(pmax[0] - pmin[0], pmax[1] - pmin[1])\n",
    "\n",
    "    t = np.eye(3, dtype=np.float64)\n",
    "    t[0,0] = IMAGE_SIZE / maxxy\n",
    "    t[1,1] = -IMAGE_SIZE / maxxy\n",
    "    t[0,2] = -pmin[0] * IMAGE_SIZE / maxxy\n",
    "    t[1,2] = IMAGE_SIZE / maxxy + pmin[1] / maxxy + 100\n",
    "\n",
    "    return np.dot(points, t.T)\n",
    "    \n",
    "\n",
    "def plot_trajectory2(points):\n",
    "    # remove y coordinate (we only use x and z to plot a view from above)\n",
    "    points = points[:, [0,2,3]]\n",
    "    # compute min and max\n",
    "    pmin = points.min(axis=0)\n",
    "    pmax = points.max(axis=0)\n",
    "    maxxy = max(pmax[0] - pmin[0], pmax[1] - pmin[1]) * 1.01\n",
    "\n",
    "    t = np.eye(3, dtype=np.float64)\n",
    "    t[0,0] = IMAGE_SIZE / maxxy\n",
    "    t[1,1] = -IMAGE_SIZE / maxxy\n",
    "    t[0,2] = -pmin[0] * IMAGE_SIZE / maxxy\n",
    "    t[1,2] = IMAGE_SIZE / maxxy + pmin[1] / maxxy + 100\n",
    "    return np.dot(points, t.T)\n",
    "    \n",
    "def plot_trajectory3(points):\n",
    "    coords = []\n",
    "    minx = min([p[0] for p in points])\n",
    "    maxx = max([p[0] for p in points])\n",
    "    miny = min([p[2] for p in points])\n",
    "    maxy = max([p[2] for p in points])\n",
    "    maxxy = max(maxx - minx, maxy - miny)* 1.01\n",
    "\n",
    "    for p in points:\n",
    "        #print(p)\n",
    "        x = IMAGE_SIZE * (p[0] - minx) / (maxxy)\n",
    "        z = IMAGE_SIZE - IMAGE_SIZE * (p[2] - miny) / (maxxy)\n",
    "        coords.append([x, z])\n",
    "    return coords\n",
    "\n",
    "def new_image():\n",
    "    img = np.zeros((IMAGE_SIZE, IMAGE_SIZE, 3), np.uint8)\n",
    "    img[:] = 255 #or img.fill(255)\n",
    "    return img\n",
    "\n",
    "def draw(coords, img, color = (0,0,0)):\n",
    "    # Draw a black line with thickness of 2 px\n",
    "    for i in range(1,len(coords)):\n",
    "        cv2.line(img, (int(coords[i - 1][0]), int(coords[i - 1][1])), (int(coords[i][0]), int(coords[i][1])), color, 2)\n",
    "    return img"
   ]
  },
  {
   "cell_type": "markdown",
   "metadata": {},
   "source": [
    "Read the first 10 frames from KITTI sequence 00."
   ]
  },
  {
   "cell_type": "code",
   "execution_count": 38,
   "metadata": {},
   "outputs": [
    {
     "name": "stdout",
     "output_type": "stream",
     "text": [
      "CPU times: user 5.49 ms, sys: 12 µs, total: 5.5 ms\n",
      "Wall time: 4.73 ms\n"
     ]
    }
   ],
   "source": [
    "%%time\n",
    "LEFTDIR = '/data/urbinn/datasets/kitti/sequences/07/image_0'\n",
    "RIGHTDIR = '/data/urbinn/datasets/kitti/sequences/07/image_1'\n",
    "\n",
    "frame = []\n",
    "for filename in sorted(glob.glob(LEFTDIR + '/*')):\n",
    "    left_frame = Frame(filename, RIGHTDIR)\n",
    "    frame.append(left_frame)"
   ]
  },
  {
   "cell_type": "markdown",
   "metadata": {},
   "source": [
    "Add the frames to a sequence. By adjusting the [:] you can use only a slice of the list of frames."
   ]
  },
  {
   "cell_type": "code",
   "execution_count": null,
   "metadata": {},
   "outputs": [
    {
     "name": "stderr",
     "output_type": "stream",
     "text": [
      "  0% (1 of 1101) |                        | Elapsed Time: 0:00:00 ETA:  0:08:07"
     ]
    },
    {
     "name": "stdout",
     "output_type": "stream",
     "text": [
      "connected mappoints  0\n",
      "7768 \n",
      " [[  9.99978553e-01  -3.93679436e-04   6.53745681e-03   6.44901477e-03]\n",
      " [  3.95020461e-04   9.99999901e-01  -2.03839478e-04  -1.29580590e-03]\n",
      " [ -6.53737592e-03   2.06417536e-04   9.99978610e-01  -9.14791802e-02]\n",
      " [  0.00000000e+00   0.00000000e+00   0.00000000e+00   1.00000000e+00]]\n"
     ]
    },
    {
     "name": "stderr",
     "output_type": "stream",
     "text": [
      "\r",
      "                                                                               \r",
      "\r",
      "  0% (2 of 1101) |                        | Elapsed Time: 0:00:00 ETA:  0:08:32"
     ]
    },
    {
     "name": "stdout",
     "output_type": "stream",
     "text": [
      "connected mappoints  103\n",
      "7769 \n",
      " [[  9.99976283e-01  -7.88058927e-04   6.84191313e-03   1.01656787e-02]\n",
      " [  7.87211992e-04   9.99999682e-01   1.26478445e-04   2.24734267e-03]\n",
      " [ -6.84201063e-03  -1.21089410e-04   9.99976586e-01  -9.74268420e-02]\n",
      " [  0.00000000e+00   0.00000000e+00   0.00000000e+00   1.00000000e+00]]\n"
     ]
    },
    {
     "name": "stderr",
     "output_type": "stream",
     "text": [
      "\r",
      "                                                                               \r",
      "\r",
      "  0% (3 of 1101) |                        | Elapsed Time: 0:00:01 ETA:  0:08:58"
     ]
    },
    {
     "name": "stdout",
     "output_type": "stream",
     "text": [
      "connected mappoints  129\n",
      "7770 \n",
      " [[  9.99973157e-01  -2.56179529e-04   7.32254131e-03   9.44704868e-03]\n",
      " [  2.51215193e-04   9.99999738e-01   6.78864339e-04   1.17083953e-03]\n",
      " [ -7.32271330e-03  -6.77006582e-04   9.99972959e-01  -9.67058976e-02]\n",
      " [  0.00000000e+00   0.00000000e+00   0.00000000e+00   1.00000000e+00]]\n"
     ]
    },
    {
     "name": "stderr",
     "output_type": "stream",
     "text": [
      "\r",
      "                                                                               \r",
      "\r",
      "  0% (4 of 1101) |                        | Elapsed Time: 0:00:02 ETA:  0:09:28"
     ]
    },
    {
     "name": "stdout",
     "output_type": "stream",
     "text": [
      "connected mappoints  125\n",
      "7771 \n",
      " [[  9.99958667e-01  -7.56674887e-04   9.06046626e-03   1.29073994e-02]\n",
      " [  7.44188764e-04   9.99998769e-01   1.38138047e-03   1.68129735e-03]\n",
      " [ -9.06150036e-03  -1.37458068e-03   9.99957999e-01  -1.04421519e-01]\n",
      " [  0.00000000e+00   0.00000000e+00   0.00000000e+00   1.00000000e+00]]\n"
     ]
    },
    {
     "name": "stderr",
     "output_type": "stream",
     "text": [
      "\r",
      "                                                                               \r",
      "\r",
      "  0% (5 of 1101) |                        | Elapsed Time: 0:00:02 ETA:  0:09:38"
     ]
    },
    {
     "name": "stdout",
     "output_type": "stream",
     "text": [
      "connected mappoints  125\n",
      "7772 \n",
      " [[  9.99939700e-01  -1.36551424e-04   1.09807671e-02   1.89906891e-02]\n",
      " [  1.18591336e-04   9.99998654e-01   1.63622953e-03  -4.98992003e-04]\n",
      " [ -1.09809758e-02  -1.63482864e-03   9.99938371e-01  -1.13464048e-01]\n",
      " [  0.00000000e+00   0.00000000e+00   0.00000000e+00   1.00000000e+00]]\n"
     ]
    },
    {
     "name": "stderr",
     "output_type": "stream",
     "text": [
      "\r",
      "                                                                               \r",
      "\r",
      "  0% (6 of 1101) |                        | Elapsed Time: 0:00:03 ETA:  0:09:41"
     ]
    },
    {
     "name": "stdout",
     "output_type": "stream",
     "text": [
      "connected mappoints  117\n",
      "7773 \n",
      " [[  9.99909011e-01   2.37154657e-05   1.34895650e-02   1.49729008e-02]\n",
      " [ -3.48959583e-05   9.99999656e-01   8.28590512e-04   6.54924291e-04]\n",
      " [ -1.34895408e-02  -8.28985851e-04   9.99908668e-01  -1.27567572e-01]\n",
      " [  0.00000000e+00   0.00000000e+00   0.00000000e+00   1.00000000e+00]]\n"
     ]
    },
    {
     "name": "stderr",
     "output_type": "stream",
     "text": [
      "\r",
      "                                                                               \r",
      "\r",
      "  0% (7 of 1101) |                        | Elapsed Time: 0:00:03 ETA:  0:09:49"
     ]
    },
    {
     "name": "stdout",
     "output_type": "stream",
     "text": [
      "connected mappoints  112\n",
      "7774 \n",
      " [[  9.99869403e-01   5.49998042e-05   1.61608874e-02   1.62969864e-02]\n",
      " [ -5.60597183e-05   9.99999996e-01   6.51321311e-05   3.43907639e-04]\n",
      " [ -1.61608838e-02  -6.60295999e-05   9.99869402e-01  -1.41247358e-01]\n",
      " [  0.00000000e+00   0.00000000e+00   0.00000000e+00   1.00000000e+00]]\n"
     ]
    },
    {
     "name": "stderr",
     "output_type": "stream",
     "text": [
      "\r",
      "                                                                               \r",
      "\r",
      "  0% (8 of 1101) |                        | Elapsed Time: 0:00:04 ETA:  0:09:58"
     ]
    },
    {
     "name": "stdout",
     "output_type": "stream",
     "text": [
      "connected mappoints  112\n",
      "7775 \n",
      " [[  9.99835965e-01   1.69601945e-03   1.80324026e-02   2.39284425e-02]\n",
      " [ -1.69527549e-03   9.99998561e-01  -5.65429940e-05   1.20452372e-03]\n",
      " [ -1.80324726e-02   2.59638288e-05   9.99837401e-01  -1.50947660e-01]\n",
      " [  0.00000000e+00   0.00000000e+00   0.00000000e+00   1.00000000e+00]]\n"
     ]
    },
    {
     "name": "stderr",
     "output_type": "stream",
     "text": [
      "\r",
      "                                                                               \r",
      "\r",
      "  0% (9 of 1101) |                        | Elapsed Time: 0:00:05 ETA:  0:10:12"
     ]
    },
    {
     "name": "stdout",
     "output_type": "stream",
     "text": [
      "connected mappoints  130\n",
      "7776 \n",
      " [[  9.99811645e-01   1.21719431e-03   1.93698926e-02   2.63637401e-02]\n",
      " [ -1.21930404e-03   9.99999252e-01   9.71081012e-05   3.34983065e-03]\n",
      " [ -1.93697599e-02  -1.20707599e-04   9.99812381e-01  -1.60258745e-01]\n",
      " [  0.00000000e+00   0.00000000e+00   0.00000000e+00   1.00000000e+00]]\n"
     ]
    },
    {
     "name": "stderr",
     "output_type": "stream",
     "text": [
      "\r",
      "                                                                               \r",
      "\r",
      "  0% (10 of 1101) |                       | Elapsed Time: 0:00:05 ETA:  0:10:33"
     ]
    },
    {
     "name": "stdout",
     "output_type": "stream",
     "text": [
      "connected mappoints  131\n",
      "7777 \n",
      " [[  9.99761161e-01   7.25342177e-05   2.18544189e-02   2.71688369e-02]\n",
      " [ -7.82247619e-05   9.99999963e-01   2.59529378e-04   3.82010875e-03]\n",
      " [ -2.18543993e-02  -2.61176949e-04   9.99761130e-01  -1.73878922e-01]\n",
      " [  0.00000000e+00   0.00000000e+00   0.00000000e+00   1.00000000e+00]]\n"
     ]
    },
    {
     "name": "stderr",
     "output_type": "stream",
     "text": [
      "\r",
      "                                                                               \r",
      "\r",
      "  0% (11 of 1101) |                       | Elapsed Time: 0:00:06 ETA:  0:11:07"
     ]
    },
    {
     "name": "stdout",
     "output_type": "stream",
     "text": [
      "connected mappoints  143\n",
      "7778 \n",
      " [[ 0.99970273 -0.00411772  0.0240312   0.03284745]\n",
      " [ 0.00408499  0.99999066  0.00141095  0.00543385]\n",
      " [-0.02403679 -0.00131237  0.99971021 -0.18351289]\n",
      " [ 0.          0.          0.          1.        ]]\n"
     ]
    },
    {
     "name": "stderr",
     "output_type": "stream",
     "text": [
      "\r",
      "                                                                               \r",
      "\r",
      "  1% (12 of 1101) |                       | Elapsed Time: 0:00:07 ETA:  0:11:36"
     ]
    },
    {
     "name": "stdout",
     "output_type": "stream",
     "text": [
      "connected mappoints  120\n",
      "7779 \n",
      " [[ 0.99967049 -0.00450576  0.02527059  0.03641739]\n",
      " [ 0.00446145  0.99998841  0.00180988  0.0027135 ]\n",
      " [-0.02527846 -0.00169654  0.99967901 -0.19025447]\n",
      " [ 0.          0.          0.          1.        ]]\n"
     ]
    },
    {
     "name": "stderr",
     "output_type": "stream",
     "text": [
      "\r",
      "                                                                               \r",
      "\r",
      "  1% (13 of 1101) |                       | Elapsed Time: 0:00:08 ETA:  0:12:06"
     ]
    },
    {
     "name": "stdout",
     "output_type": "stream",
     "text": [
      "connected mappoints  119\n",
      "7780 \n",
      " [[ 0.99963381 -0.00295099  0.02689872  0.03589723]\n",
      " [ 0.00291661  0.99999488  0.00131734  0.00220637]\n",
      " [-0.02690247 -0.00123841  0.9996373  -0.20317713]\n",
      " [ 0.          0.          0.          1.        ]]\n"
     ]
    },
    {
     "name": "stderr",
     "output_type": "stream",
     "text": [
      "\r",
      "                                                                               \r",
      "\r",
      "  1% (14 of 1101) |                       | Elapsed Time: 0:00:09 ETA:  0:12:37"
     ]
    },
    {
     "name": "stdout",
     "output_type": "stream",
     "text": [
      "connected mappoints  134\n",
      "7781 \n",
      " [[  9.99555952e-01  -1.32819780e-03   2.97680228e-02   2.55659132e-02]\n",
      " [  1.31523602e-03   9.99999032e-01   4.55002278e-04   4.61277763e-03]\n",
      " [ -2.97685983e-02  -4.15648259e-04   9.99556731e-01  -1.89694912e-01]\n",
      " [  0.00000000e+00   0.00000000e+00   0.00000000e+00   1.00000000e+00]]\n"
     ]
    },
    {
     "name": "stderr",
     "output_type": "stream",
     "text": [
      "\r",
      "                                                                               \r",
      "\r",
      "  1% (15 of 1101) |                       | Elapsed Time: 0:00:10 ETA:  0:13:20"
     ]
    },
    {
     "name": "stdout",
     "output_type": "stream",
     "text": [
      "connected mappoints  144\n",
      "7782 \n",
      " [[  9.99511858e-01  -2.17159113e-03   3.11661608e-02   3.23264141e-02]\n",
      " [  2.16997255e-03   9.99997642e-01   8.57568075e-05   3.52525944e-03]\n",
      " [ -3.11662736e-02  -1.80852325e-05   9.99514214e-01  -2.05037575e-01]\n",
      " [  0.00000000e+00   0.00000000e+00   0.00000000e+00   1.00000000e+00]]\n"
     ]
    },
    {
     "name": "stderr",
     "output_type": "stream",
     "text": [
      "\r",
      "                                                                               \r",
      "\r",
      "  1% (16 of 1101) |                       | Elapsed Time: 0:00:11 ETA:  0:14:14"
     ]
    },
    {
     "name": "stdout",
     "output_type": "stream",
     "text": [
      "connected mappoints  155\n",
      "7783 \n",
      " [[  9.99463688e-01  -1.76449266e-03   3.26989843e-02   3.35730956e-02]\n",
      " [  1.77567202e-03   9.99998375e-01  -3.12851142e-04  -6.28055968e-04]\n",
      " [ -3.26983791e-02   3.70746027e-04   9.99465196e-01  -2.13979153e-01]\n",
      " [  0.00000000e+00   0.00000000e+00   0.00000000e+00   1.00000000e+00]]\n"
     ]
    },
    {
     "name": "stderr",
     "output_type": "stream",
     "text": [
      "\r",
      "                                                                               \r",
      "\r",
      "  1% (17 of 1101) |                       | Elapsed Time: 0:00:12 ETA:  0:15:10"
     ]
    },
    {
     "name": "stdout",
     "output_type": "stream",
     "text": [
      "connected mappoints  146\n",
      "7784 \n",
      " [[  9.99387571e-01  -2.33953251e-03   3.49143052e-02   3.43868138e-02]\n",
      " [  2.36221136e-03   9.99997025e-01  -6.08321647e-04   5.30443535e-03]\n",
      " [ -3.49127781e-02   6.90424062e-04   9.99390125e-01  -2.21524219e-01]\n",
      " [  0.00000000e+00   0.00000000e+00   0.00000000e+00   1.00000000e+00]]\n"
     ]
    },
    {
     "name": "stderr",
     "output_type": "stream",
     "text": [
      "\r",
      "                                                                               \r",
      "\r",
      "  1% (18 of 1101) |                       | Elapsed Time: 0:00:13 ETA:  0:16:09"
     ]
    },
    {
     "name": "stdout",
     "output_type": "stream",
     "text": [
      "connected mappoints  152\n",
      "7785 \n",
      " [[  9.99377369e-01  -2.42870150e-03   3.51990865e-02   3.15603087e-02]\n",
      " [  2.41830169e-03   9.99997019e-01   3.38027830e-04   2.63283485e-03]\n",
      " [ -3.51998026e-02  -2.52695352e-04   9.99380263e-01  -2.14016246e-01]\n",
      " [  0.00000000e+00   0.00000000e+00   0.00000000e+00   1.00000000e+00]]\n"
     ]
    },
    {
     "name": "stderr",
     "output_type": "stream",
     "text": [
      "\r",
      "                                                                               \r",
      "\r",
      "  1% (19 of 1101) |                       | Elapsed Time: 0:00:14 ETA:  0:17:21"
     ]
    },
    {
     "name": "stdout",
     "output_type": "stream",
     "text": [
      "connected mappoints  177\n",
      "7786 \n",
      " [[  9.99359756e-01  -2.80602032e-03   3.56679740e-02   3.31954705e-02]\n",
      " [  2.79620791e-03   9.99996038e-01   3.24984829e-04  -1.23316648e-04]\n",
      " [ -3.56687446e-02  -2.25041688e-04   9.99363643e-01  -2.17656165e-01]\n",
      " [  0.00000000e+00   0.00000000e+00   0.00000000e+00   1.00000000e+00]]\n"
     ]
    },
    {
     "name": "stderr",
     "output_type": "stream",
     "text": [
      "\r",
      "                                                                               \r",
      "\r",
      "  1% (20 of 1101) |                       | Elapsed Time: 0:00:16 ETA:  0:18:37"
     ]
    },
    {
     "name": "stdout",
     "output_type": "stream",
     "text": [
      "connected mappoints  189\n",
      "7787 \n",
      " [[  9.99270023e-01  -1.55629373e-04   3.82020459e-02   2.85675877e-02]\n",
      " [  1.37823787e-04   9.99999881e-01   4.68722963e-04  -9.10556600e-04]\n",
      " [ -3.82021143e-02  -4.63115655e-04   9.99269925e-01  -2.20629428e-01]\n",
      " [  0.00000000e+00   0.00000000e+00   0.00000000e+00   1.00000000e+00]]\n"
     ]
    },
    {
     "name": "stderr",
     "output_type": "stream",
     "text": [
      "\r",
      "                                                                               \r",
      "\r",
      "  1% (21 of 1101) |                       | Elapsed Time: 0:00:17 ETA:  0:19:55"
     ]
    },
    {
     "name": "stdout",
     "output_type": "stream",
     "text": [
      "connected mappoints  181\n",
      "7788 \n",
      " [[  9.99159118e-01   4.37606479e-03   4.07664843e-02   2.21425540e-02]\n",
      " [ -4.44282133e-03   9.99988934e-01   1.54708164e-03   3.07620127e-04]\n",
      " [ -4.07592630e-02  -1.72689893e-03   9.99167504e-01  -2.25233218e-01]\n",
      " [  0.00000000e+00   0.00000000e+00   0.00000000e+00   1.00000000e+00]]\n"
     ]
    },
    {
     "name": "stderr",
     "output_type": "stream",
     "text": [
      "\r",
      "                                                                               \r",
      "\r",
      "  1% (22 of 1101) |                       | Elapsed Time: 0:00:19 ETA:  0:21:20"
     ]
    },
    {
     "name": "stdout",
     "output_type": "stream",
     "text": [
      "connected mappoints  173\n",
      "7789 \n",
      " [[ 0.99905572  0.0051901   0.04313609  0.02490969]\n",
      " [-0.0052436   0.99998562  0.00112735  0.00153662]\n",
      " [-0.04312962 -0.00135247  0.99906857 -0.23733604]\n",
      " [ 0.          0.          0.          1.        ]]\n"
     ]
    },
    {
     "name": "stderr",
     "output_type": "stream",
     "text": [
      "\r",
      "                                                                               \r",
      "\r",
      "  2% (23 of 1101) |                       | Elapsed Time: 0:00:20 ETA:  0:22:45"
     ]
    },
    {
     "name": "stdout",
     "output_type": "stream",
     "text": [
      "connected mappoints  171\n",
      "7790 \n",
      " [[  9.98897215e-01  -2.71357857e-04   4.69497679e-02   3.34877527e-02]\n",
      " [  3.77585602e-04   9.99997389e-01  -2.25372910e-03   5.43992294e-03]\n",
      " [ -4.69490338e-02   2.26897128e-03   9.98894709e-01  -2.44636246e-01]\n",
      " [  0.00000000e+00   0.00000000e+00   0.00000000e+00   1.00000000e+00]]\n"
     ]
    },
    {
     "name": "stderr",
     "output_type": "stream",
     "text": [
      "\r",
      "                                                                               \r",
      "\r",
      "  2% (24 of 1101) |                       | Elapsed Time: 0:00:22 ETA:  0:24:07"
     ]
    },
    {
     "name": "stdout",
     "output_type": "stream",
     "text": [
      "connected mappoints  131\n",
      "7791 \n",
      " [[ 0.99870948 -0.00497839  0.05054293  0.04455727]\n",
      " [ 0.00512485  0.99998304 -0.00276865  0.00913622]\n",
      " [-0.05052829  0.00302411  0.99871805 -0.24838063]\n",
      " [ 0.          0.          0.          1.        ]]\n"
     ]
    },
    {
     "name": "stderr",
     "output_type": "stream",
     "text": [
      "\r",
      "                                                                               \r",
      "\r",
      "  2% (25 of 1101) |                       | Elapsed Time: 0:00:24 ETA:  0:25:16"
     ]
    },
    {
     "name": "stdout",
     "output_type": "stream",
     "text": [
      "connected mappoints  129\n",
      "7792 \n",
      " [[  9.98574584e-01  -2.96253418e-03   5.32918795e-02   3.69892692e-02]\n",
      " [  2.96894525e-03   9.99995592e-01  -4.11347729e-05   1.63384535e-03]\n",
      " [ -5.32915227e-02   1.99296811e-04   9.98578977e-01  -2.69455357e-01]\n",
      " [  0.00000000e+00   0.00000000e+00   0.00000000e+00   1.00000000e+00]]\n"
     ]
    },
    {
     "name": "stderr",
     "output_type": "stream",
     "text": [
      "\r",
      "                                                                               \r",
      "\r",
      "  2% (26 of 1101) |                       | Elapsed Time: 0:00:25 ETA:  0:25:55"
     ]
    },
    {
     "name": "stdout",
     "output_type": "stream",
     "text": [
      "connected mappoints  128\n",
      "7793 \n",
      " [[  9.98471487e-01   2.47373656e-04   5.52687004e-02   3.52749776e-02]\n",
      " [ -2.84392226e-04   9.99999740e-01   6.61928665e-04   4.99838594e-03]\n",
      " [ -5.52685223e-02  -6.76634887e-04   9.98471298e-01  -2.75732371e-01]\n",
      " [  0.00000000e+00   0.00000000e+00   0.00000000e+00   1.00000000e+00]]\n"
     ]
    },
    {
     "name": "stderr",
     "output_type": "stream",
     "text": [
      "\r",
      "                                                                               \r",
      "\r",
      "  2% (27 of 1101) |                       | Elapsed Time: 0:00:26 ETA:  0:26:28"
     ]
    },
    {
     "name": "stdout",
     "output_type": "stream",
     "text": [
      "connected mappoints  102\n",
      "7794 \n",
      " [[  9.98309261e-01   5.62366017e-03   5.78532079e-02   2.43183496e-02]\n",
      " [ -5.63164280e-03   9.99984142e-01  -2.50603917e-05   2.80319090e-03]\n",
      " [ -5.78524314e-02  -3.00790580e-04   9.98325100e-01  -2.90198717e-01]\n",
      " [  0.00000000e+00   0.00000000e+00   0.00000000e+00   1.00000000e+00]]\n"
     ]
    },
    {
     "name": "stderr",
     "output_type": "stream",
     "text": [
      "\r",
      "                                                                               \r",
      "\r",
      "  2% (28 of 1101) |                       | Elapsed Time: 0:00:28 ETA:  0:26:51"
     ]
    },
    {
     "name": "stdout",
     "output_type": "stream",
     "text": [
      "connected mappoints  83\n",
      "7795 \n",
      " [[  9.98288239e-01   4.86925227e-03   5.82827715e-02   3.04304753e-02]\n",
      " [ -4.88195581e-03   9.99988080e-01   7.55771351e-05   3.86221456e-03]\n",
      " [ -5.82817087e-02  -3.59981680e-04   9.98300112e-01  -2.95263737e-01]\n",
      " [  0.00000000e+00   0.00000000e+00   0.00000000e+00   1.00000000e+00]]\n"
     ]
    },
    {
     "name": "stderr",
     "output_type": "stream",
     "text": [
      "\r",
      "                                                                               \r",
      "\r",
      "  2% (29 of 1101) |                       | Elapsed Time: 0:00:29 ETA:  0:26:42"
     ]
    },
    {
     "name": "stdout",
     "output_type": "stream",
     "text": [
      "connected mappoints  76\n",
      "7796 \n",
      " [[ 0.99830562  0.00240248  0.05813869  0.03377644]\n",
      " [-0.00232547  0.99999633 -0.00139224  0.00424491]\n",
      " [-0.05814182  0.00125468  0.99830754 -0.31542746]\n",
      " [ 0.          0.          0.          1.        ]]\n"
     ]
    },
    {
     "name": "stderr",
     "output_type": "stream",
     "text": [
      "\r",
      "                                                                               \r",
      "\r",
      "  2% (30 of 1101) |                       | Elapsed Time: 0:00:30 ETA:  0:26:11"
     ]
    },
    {
     "name": "stdout",
     "output_type": "stream",
     "text": [
      "connected mappoints  88\n",
      "7797 \n",
      " [[ 0.99824832  0.00149016  0.0591445   0.03879564]\n",
      " [-0.00138441  0.99999737 -0.00182884 -0.00110726]\n",
      " [-0.05914707  0.00174376  0.99824776 -0.32798411]\n",
      " [ 0.          0.          0.          1.        ]]\n"
     ]
    },
    {
     "name": "stderr",
     "output_type": "stream",
     "text": [
      "\r",
      "                                                                               \r",
      "\r",
      "  2% (31 of 1101) |                       | Elapsed Time: 0:00:31 ETA:  0:25:15"
     ]
    },
    {
     "name": "stdout",
     "output_type": "stream",
     "text": [
      "connected mappoints  93\n",
      "7798 \n",
      " [[  9.98171740e-01   6.64341955e-04   6.04378769e-02   3.75721605e-02]\n",
      " [ -5.94777616e-04   9.99999140e-01  -1.16898838e-03   1.37319724e-03]\n",
      " [ -6.04386015e-02   1.13090407e-03   9.98171276e-01  -3.36635380e-01]\n",
      " [  0.00000000e+00   0.00000000e+00   0.00000000e+00   1.00000000e+00]]\n"
     ]
    },
    {
     "name": "stderr",
     "output_type": "stream",
     "text": [
      "\r",
      "                                                                               \r",
      "\r",
      "  2% (32 of 1101) |                       | Elapsed Time: 0:00:32 ETA:  0:23:57"
     ]
    },
    {
     "name": "stdout",
     "output_type": "stream",
     "text": [
      "connected mappoints  98\n",
      "7799 \n",
      " [[  9.98189517e-01  -7.92734002e-04   6.01419989e-02   3.90242403e-02]\n",
      " [  8.56835298e-04   9.99999092e-01  -1.04005072e-03  -5.64035156e-03]\n",
      " [ -6.01411198e-02   1.08969952e-03   9.98189290e-01  -3.52929898e-01]\n",
      " [  0.00000000e+00   0.00000000e+00   0.00000000e+00   1.00000000e+00]]\n"
     ]
    },
    {
     "name": "stderr",
     "output_type": "stream",
     "text": [
      "\r",
      "                                                                               \r",
      "\r",
      "  2% (33 of 1101) |                       | Elapsed Time: 0:00:33 ETA:  0:22:21"
     ]
    },
    {
     "name": "stdout",
     "output_type": "stream",
     "text": [
      "connected mappoints  86\n",
      "7800 \n",
      " [[  9.98180683e-01   8.94844905e-04   6.02870045e-02   4.32213704e-02]\n",
      " [ -7.29255700e-04   9.99995901e-01  -2.76862794e-03   4.89733757e-03]\n",
      " [ -6.02892349e-02   2.71962628e-03   9.98177245e-01  -3.60453906e-01]\n",
      " [  0.00000000e+00   0.00000000e+00   0.00000000e+00   1.00000000e+00]]\n"
     ]
    },
    {
     "name": "stderr",
     "output_type": "stream",
     "text": [
      "\r",
      "                                                                               \r",
      "\r",
      "  3% (34 of 1101) |                       | Elapsed Time: 0:00:34 ETA:  0:20:45"
     ]
    },
    {
     "name": "stdout",
     "output_type": "stream",
     "text": [
      "connected mappoints  100\n",
      "7801 \n",
      " [[  9.98244308e-01  -6.31165786e-04   5.92275488e-02   4.10090522e-02]\n",
      " [  7.30854139e-04   9.99998353e-01  -1.66149436e-03  -8.43468241e-05]\n",
      " [ -5.92264026e-02   1.70186399e-03   9.98243125e-01  -3.76042479e-01]\n",
      " [  0.00000000e+00   0.00000000e+00   0.00000000e+00   1.00000000e+00]]\n"
     ]
    },
    {
     "name": "stderr",
     "output_type": "stream",
     "text": [
      "\r",
      "                                                                               \r",
      "\r",
      "  3% (35 of 1101) |                       | Elapsed Time: 0:00:34 ETA:  0:19:15"
     ]
    },
    {
     "name": "stdout",
     "output_type": "stream",
     "text": [
      "connected mappoints  111\n",
      "7802 \n",
      " [[  9.98345229e-01   4.22946588e-04   5.75032614e-02   4.51549642e-02]\n",
      " [ -2.33626166e-04   9.99994531e-01  -3.29902517e-03   5.39354531e-03]\n",
      " [ -5.75043422e-02   3.28013177e-03   9.98339868e-01  -3.92246715e-01]\n",
      " [  0.00000000e+00   0.00000000e+00   0.00000000e+00   1.00000000e+00]]\n"
     ]
    },
    {
     "name": "stderr",
     "output_type": "stream",
     "text": [
      "\r",
      "                                                                               \r",
      "\r",
      "  3% (36 of 1101) |                       | Elapsed Time: 0:00:35 ETA:  0:17:54"
     ]
    },
    {
     "name": "stdout",
     "output_type": "stream",
     "text": [
      "connected mappoints  101\n",
      "7803 \n",
      " [[ 0.99849429  0.00242785  0.05480196  0.04464688]\n",
      " [-0.00228082  0.99999363 -0.00274538  0.01282618]\n",
      " [-0.05480828  0.00261625  0.99849347 -0.36781563]\n",
      " [ 0.          0.          0.          1.        ]]\n"
     ]
    },
    {
     "name": "stderr",
     "output_type": "stream",
     "text": [
      "\r",
      "                                                                               \r",
      "\r",
      "  3% (37 of 1101) |                       | Elapsed Time: 0:00:36 ETA:  0:16:22"
     ]
    },
    {
     "name": "stdout",
     "output_type": "stream",
     "text": [
      "connected mappoints  80\n",
      "7804 \n",
      " [[  9.98683659e-01   6.22453944e-04   5.12890072e-02   3.99138315e-02]\n",
      " [ -5.79945780e-04   9.99999476e-01  -8.43674821e-04   1.25509478e-02]\n",
      " [ -5.12895055e-02   8.12819414e-04   9.98683496e-01  -3.87930588e-01]\n",
      " [  0.00000000e+00   0.00000000e+00   0.00000000e+00   1.00000000e+00]]\n"
     ]
    },
    {
     "name": "stderr",
     "output_type": "stream",
     "text": [
      "\r",
      "                                                                               \r",
      "\r",
      "  3% (38 of 1101) |                       | Elapsed Time: 0:00:36 ETA:  0:14:49"
     ]
    },
    {
     "name": "stdout",
     "output_type": "stream",
     "text": [
      "connected mappoints  68\n",
      "7805 \n",
      " [[  9.98879811e-01  -4.21617407e-03   4.71311672e-02   4.60138176e-02]\n",
      " [  4.21683451e-03   9.99991105e-01   8.54150343e-05   8.21320183e-04]\n",
      " [ -4.71311081e-02   1.13424979e-04   9.98888705e-01  -4.05911363e-01]\n",
      " [  0.00000000e+00   0.00000000e+00   0.00000000e+00   1.00000000e+00]]\n"
     ]
    },
    {
     "name": "stderr",
     "output_type": "stream",
     "text": [
      "\r",
      "                                                                               \r",
      "\r",
      "  3% (39 of 1101) |                       | Elapsed Time: 0:00:37 ETA:  0:13:27"
     ]
    },
    {
     "name": "stdout",
     "output_type": "stream",
     "text": [
      "connected mappoints  60\n",
      "7806 \n",
      " [[  9.99120700e-01  -4.76613952e-03   4.16546608e-02   4.84770152e-02]\n",
      " [  4.74285164e-03   9.99988536e-01   6.57876577e-04   3.56014877e-04]\n",
      " [ -4.16573188e-02  -4.59736229e-04   9.99131851e-01  -4.24352446e-01]\n",
      " [  0.00000000e+00   0.00000000e+00   0.00000000e+00   1.00000000e+00]]\n"
     ]
    },
    {
     "name": "stderr",
     "output_type": "stream",
     "text": [
      "\r",
      "                                                                               \r",
      "\r",
      "  3% (40 of 1101) |                       | Elapsed Time: 0:00:37 ETA:  0:12:15"
     ]
    },
    {
     "name": "stdout",
     "output_type": "stream",
     "text": [
      "connected mappoints  76\n",
      "7807 \n",
      " [[  9.99300049e-01  -2.29128505e-03   3.73384683e-02   3.80777193e-02]\n",
      " [  2.22400502e-03   9.99995828e-01   1.84333132e-03  -6.71577410e-04]\n",
      " [ -3.73425361e-02  -1.75900013e-03   9.99300976e-01  -4.49636757e-01]\n",
      " [  0.00000000e+00   0.00000000e+00   0.00000000e+00   1.00000000e+00]]\n"
     ]
    },
    {
     "name": "stderr",
     "output_type": "stream",
     "text": [
      "\r",
      "                                                                               \r",
      "\r",
      "  3% (41 of 1101) |                       | Elapsed Time: 0:00:38 ETA:  0:11:34"
     ]
    },
    {
     "name": "stdout",
     "output_type": "stream",
     "text": [
      "connected mappoints  88\n",
      "7808 \n",
      " [[  9.99424432e-01  -5.18984554e-04   3.39195312e-02   3.16922725e-02]\n",
      " [  4.26852824e-04   9.99996201e-01   2.72337021e-03   3.05775488e-03]\n",
      " [ -3.39208157e-02  -2.70732408e-03   9.99420857e-01  -4.65666535e-01]\n",
      " [  0.00000000e+00   0.00000000e+00   0.00000000e+00   1.00000000e+00]]\n"
     ]
    },
    {
     "name": "stderr",
     "output_type": "stream",
     "text": [
      "\r",
      "                                                                               \r",
      "\r",
      "  3% (42 of 1101) |                       | Elapsed Time: 0:00:38 ETA:  0:11:10"
     ]
    },
    {
     "name": "stdout",
     "output_type": "stream",
     "text": [
      "connected mappoints  92\n",
      "7809 \n",
      " [[  9.99526949e-01  -4.57654081e-04   3.07517120e-02   3.17068811e-02]\n",
      " [  3.78469158e-04   9.99996598e-01   2.58074742e-03   5.10061194e-03]\n",
      " [ -3.07527885e-02  -2.56788802e-03   9.99523723e-01  -4.83453631e-01]\n",
      " [  0.00000000e+00   0.00000000e+00   0.00000000e+00   1.00000000e+00]]\n"
     ]
    },
    {
     "name": "stderr",
     "output_type": "stream",
     "text": [
      "\r",
      "                                                                               \r",
      "\r",
      "  3% (43 of 1101) |                       | Elapsed Time: 0:00:39 ETA:  0:10:57"
     ]
    },
    {
     "name": "stdout",
     "output_type": "stream",
     "text": [
      "connected mappoints  87\n",
      "7810 \n",
      " [[ 0.99965747 -0.00150197  0.02612825  0.02661716]\n",
      " [ 0.00145277  0.99999714  0.00190188  0.00354164]\n",
      " [-0.02613103 -0.00186327  0.99965679 -0.50330342]\n",
      " [ 0.          0.          0.          1.        ]]\n"
     ]
    },
    {
     "name": "stderr",
     "output_type": "stream",
     "text": [
      "\r",
      "                                                                               \r",
      "\r",
      "  3% (44 of 1101) |                       | Elapsed Time: 0:00:40 ETA:  0:10:40"
     ]
    },
    {
     "name": "stdout",
     "output_type": "stream",
     "text": [
      "connected mappoints  98\n",
      "7811 \n",
      " [[ 0.99979067 -0.00109069  0.02043093  0.02537464]\n",
      " [ 0.00104638  0.99999708  0.0021794   0.00355365]\n",
      " [-0.02043325 -0.00215757  0.99978889 -0.51403105]\n",
      " [ 0.          0.          0.          1.        ]]\n"
     ]
    },
    {
     "name": "stderr",
     "output_type": "stream",
     "text": [
      "\r",
      "                                                                               \r",
      "\r",
      "  4% (45 of 1101) |                       | Elapsed Time: 0:00:40 ETA:  0:10:25"
     ]
    },
    {
     "name": "stdout",
     "output_type": "stream",
     "text": [
      "connected mappoints  80\n",
      "7812 \n",
      " [[  9.99868598e-01   9.60689841e-04   1.61822034e-02   1.65464814e-02]\n",
      " [ -9.75503913e-04   9.99999112e-01   9.07586006e-04  -2.82773672e-03]\n",
      " [ -1.61813171e-02  -9.23252550e-04   9.99868648e-01  -5.33474446e-01]\n",
      " [  0.00000000e+00   0.00000000e+00   0.00000000e+00   1.00000000e+00]]\n"
     ]
    },
    {
     "name": "stderr",
     "output_type": "stream",
     "text": [
      "\r",
      "                                                                               \r",
      "\r",
      "  4% (46 of 1101) |                       | Elapsed Time: 0:00:41 ETA:  0:10:27"
     ]
    },
    {
     "name": "stdout",
     "output_type": "stream",
     "text": [
      "connected mappoints  92\n",
      "7813 \n",
      " [[  9.99917899e-01   1.36587855e-03   1.27408722e-02   1.94695224e-02]\n",
      " [ -1.36095454e-03   9.99998996e-01  -3.95136075e-04   2.27562564e-03]\n",
      " [ -1.27413991e-02   3.77763886e-04   9.99918754e-01  -5.61418827e-01]\n",
      " [  0.00000000e+00   0.00000000e+00   0.00000000e+00   1.00000000e+00]]\n"
     ]
    },
    {
     "name": "stderr",
     "output_type": "stream",
     "text": [
      "\r",
      "                                                                               \r",
      "\r",
      "  4% (47 of 1101) |                       | Elapsed Time: 0:00:42 ETA:  0:10:30"
     ]
    },
    {
     "name": "stdout",
     "output_type": "stream",
     "text": [
      "connected mappoints  88\n",
      "7814 \n",
      " [[  9.99952693e-01  -9.81500531e-04   9.67722971e-03   1.35336105e-02]\n",
      " [  9.92328312e-04   9.99998887e-01  -1.11415449e-03   9.54745767e-03]\n",
      " [ -9.67612539e-03   1.12370477e-03   9.99952554e-01  -5.72001630e-01]\n",
      " [  0.00000000e+00   0.00000000e+00   0.00000000e+00   1.00000000e+00]]\n"
     ]
    },
    {
     "name": "stderr",
     "output_type": "stream",
     "text": [
      "\r",
