{
 "cells": [
  {
   "cell_type": "code",
   "execution_count": 1,
   "metadata": {
    "collapsed": true
   },
   "outputs": [],
   "source": [
    "import sys\n",
    "sys.path.append('..')\n",
    "from src.kitti import *\n",
    "import numpy as np\n",
    "import cv2\n",
    "import json\n",
    "import glob\n",
    "from src.boundingbox import format_yolo_output\n",
    "from src.trajectory import Trajectory\n",
    "from src.sequence import load_keyframes\n",
    "\n",
    "%matplotlib inline"
   ]
  },
  {
   "cell_type": "markdown",
   "metadata": {},
   "source": [
    "### Analyzing KITTI sequence 00 image_2"
   ]
  },
  {
   "cell_type": "code",
   "execution_count": null,
   "metadata": {},
   "outputs": [
    {
     "name": "stdout",
     "output_type": "stream",
     "text": [
      "frame 004540.png has no yolo data available\n"
     ]
    }
   ],
   "source": [
    "LEFTDIR = '/data/urbinn/datasets/kitti/sequences/00/image_0'\n",
    "RIGHTDIR = '/data/urbinn/datasets/kitti/sequences/00/image_1'\n",
    "\n",
    "yolo_data = format_yolo_output(\"/data/urbinn/darknet/output/seq00_image02/objects.json\")\n",
    "                \n",
    "frames = []\n",
    "for filename in sorted(glob.glob(LEFTDIR + '/*')): \n",
    "    image_name = filename.split('/')[-1]\n",
    "    frame = None\n",
    "    \n",
    "    if not image_name in yolo_data:\n",
    "        print(\"frame {} has no yolo data available\".format(image_name))\n",
    "        frame = Frame(filename, RIGHTDIR)\n",
    "    else:\n",
    "        frame = Frame(filename, RIGHTDIR, classifications = yolo_data[image_name])\n",
    "        \n",
    "    frames.append(frame)"
   ]
  },
  {
   "cell_type": "markdown",
   "metadata": {},
   "source": [
    "Note: For some reason frame 004540 has no objects detected. This might be possible but requires further investigation.\n",
    "\n",
    "#### Setting up a sequence"
   ]
  },
  {
   "cell_type": "code",
   "execution_count": null,
   "metadata": {},
   "outputs": [
    {
     "name": "stderr",
     "output_type": "stream",
     "text": [
      "  0% (1 of 4541) |                        | Elapsed Time: 0:00:00 ETA:  0:50:31"
     ]
    },
    {
     "name": "stdout",
     "output_type": "stream",
     "text": [
      "connected mappoints  0\n",
      "1 \n",
      " [[ 0.99999083  0.00273335  0.00329735  0.00518481]\n",
      " [-0.00274001  0.99999421  0.00201826  0.00702947]\n",
      " [-0.00329182 -0.00202728  0.99999253 -0.67054258]\n",
      " [ 0.          0.          0.          1.        ]]\n"
     ]
    },
    {
     "name": "stderr",
     "output_type": "stream",
     "text": [
      "\r",
      "                                                                               \r",
      "\r",
      "  0% (2 of 4541) |                        | Elapsed Time: 0:00:01 ETA:  1:04:10"
     ]
    },
    {
     "name": "stdout",
     "output_type": "stream",
     "text": [
      "connected mappoints  83\n",
      "2 \n",
      " [[ 0.99999134 -0.00135221  0.00393651  0.01068681]\n",
      " [ 0.00134508  0.99999745  0.00181499 -0.00406298]\n",
      " [-0.00393896 -0.00180968  0.9999906  -0.68970785]\n",
      " [ 0.          0.          0.          1.        ]]\n"
     ]
    },
    {
     "name": "stderr",
     "output_type": "stream",
     "text": [
      "\r",
      "                                                                               \r",
      "\r",
      "  0% (3 of 4541) |                        | Elapsed Time: 0:00:02 ETA:  1:08:29"
     ]
    },
    {
     "name": "stdout",
     "output_type": "stream",
     "text": [
      "connected mappoints  98\n",
      "3 \n",
      " [[  9.99991764e-01  -1.84997578e-04   4.05445531e-03   5.83343991e-03]\n",
      " [  1.78884939e-04   9.99998847e-01   1.50794580e-03   9.91494890e-04]\n",
      " [ -4.05472961e-03  -1.50720810e-03   9.99990644e-01  -7.15266115e-01]\n",
      " [  0.00000000e+00   0.00000000e+00   0.00000000e+00   1.00000000e+00]]\n"
     ]
    },
    {
     "name": "stderr",
     "output_type": "stream",
     "text": [
      "\r",
      "                                                                               \r",
      "\r",
      "  0% (4 of 4541) |                        | Elapsed Time: 0:00:03 ETA:  1:11:51"
     ]
    },
    {
     "name": "stdout",
     "output_type": "stream",
     "text": [
      "connected mappoints  102\n",
      "4 \n",
      " [[ 0.9999853  -0.00135978  0.00524797  0.00425461]\n",
      " [ 0.00135442  0.99999856  0.00102434 -0.0047628 ]\n",
      " [-0.00524936 -0.00101722  0.9999857  -0.72796975]\n",
      " [ 0.          0.          0.          1.        ]]\n"
     ]
    },
    {
     "name": "stderr",
     "output_type": "stream",
     "text": [
      "\r",
      "                                                                               \r",
      "\r",
      "  0% (5 of 4541) |                        | Elapsed Time: 0:00:04 ETA:  1:13:19"
     ]
    },
    {
     "name": "stdout",
     "output_type": "stream",
     "text": [
      "connected mappoints  90\n",
      "5 \n",
      " [[  9.99990198e-01   1.63048170e-03   4.11657080e-03   1.58865776e-02]\n",
      " [ -1.62903460e-03   9.99998610e-01  -3.54858755e-04   1.42036162e-02]\n",
      " [ -4.11714367e-03   3.48149240e-04   9.99991464e-01  -7.23474087e-01]\n",
      " [  0.00000000e+00   0.00000000e+00   0.00000000e+00   1.00000000e+00]]\n"
     ]
    },
    {
     "name": "stderr",
     "output_type": "stream",
     "text": [
      "\r",
      "                                                                               \r",
      "\r",
      "  0% (6 of 4541) |                        | Elapsed Time: 0:00:05 ETA:  1:14:22"
     ]
    },
    {
     "name": "stdout",
     "output_type": "stream",
     "text": [
      "connected mappoints  94\n",
      "6 \n",
      " [[  9.99988806e-01  -1.69069774e-03   4.41920712e-03   9.59916731e-03]\n",
      " [  1.68487823e-03   9.99997709e-01   1.32025998e-03   6.82636474e-04]\n",
      " [ -4.42142915e-03  -1.31279937e-03   9.99989364e-01  -7.52441246e-01]\n",
      " [  0.00000000e+00   0.00000000e+00   0.00000000e+00   1.00000000e+00]]\n"
     ]
    },
    {
     "name": "stderr",
     "output_type": "stream",
     "text": [
      "\r",
      "                                                                               \r",
      "\r",
      "  0% (7 of 4541) |                        | Elapsed Time: 0:00:06 ETA:  1:14:22"
     ]
    },
    {
     "name": "stdout",
     "output_type": "stream",
     "text": [
      "connected mappoints  98\n",
      "7 \n",
      " [[  9.99985830e-01  -2.15298070e-03   4.86873512e-03   1.24665209e-02]\n",
      " [  2.15012464e-03   9.99997513e-01   5.91770581e-04   2.11096979e-03]\n",
      " [ -4.86999709e-03  -5.81293808e-04   9.99987973e-01  -7.70046244e-01]\n",
      " [  0.00000000e+00   0.00000000e+00   0.00000000e+00   1.00000000e+00]]\n"
     ]
    },
    {
     "name": "stderr",
     "output_type": "stream",
     "text": [
      "\r",
      "                                                                               \r",
      "\r",
      "  0% (8 of 4541) |                        | Elapsed Time: 0:00:07 ETA:  1:15:02"
     ]
    },
    {
     "name": "stdout",
     "output_type": "stream",
     "text": [
      "connected mappoints  102\n",
      "8 \n",
      " [[  9.99989937e-01  -5.37581893e-04   4.45385360e-03   5.03043897e-03]\n",
      " [  5.44055168e-04   9.99998797e-01  -1.45232602e-03   6.24195607e-04]\n",
      " [ -4.45306749e-03   1.45473455e-03   9.99989027e-01  -7.91745414e-01]\n",
      " [  0.00000000e+00   0.00000000e+00   0.00000000e+00   1.00000000e+00]]\n"
     ]
    },
    {
     "name": "stderr",
     "output_type": "stream",
     "text": [
      "\r",
      "                                                                               \r",
      "\r",
      "  0% (9 of 4541) |                        | Elapsed Time: 0:00:08 ETA:  1:14:50"
     ]
    },
    {
     "name": "stdout",
     "output_type": "stream",
     "text": [
      "connected mappoints  107\n",
      "9 \n",
      " [[  9.99990180e-01   7.79901665e-04   4.36263695e-03   8.59239841e-03]\n",
      " [ -7.68178264e-04   9.99996092e-01  -2.68825878e-03   8.09069197e-03]\n",
      " [ -4.36471647e-03   2.68488110e-03   9.99986870e-01  -8.00163029e-01]\n",
      " [  0.00000000e+00   0.00000000e+00   0.00000000e+00   1.00000000e+00]]\n"
     ]
    },
    {
     "name": "stderr",
     "output_type": "stream",
     "text": [
      "\r",
      "                                                                               \r",
      "\r",
      "  0% (10 of 4541) |                       | Elapsed Time: 0:00:09 ETA:  1:14:00"
     ]
    },
    {
     "name": "stdout",
     "output_type": "stream",
     "text": [
      "connected mappoints  87\n",
      "10 \n",
      " [[  9.99995150e-01  -5.16391866e-05   3.11412754e-03   1.18601698e-02]\n",
      " [  5.92000738e-05   9.99997051e-01  -2.42788784e-03   8.69088612e-03]\n",
      " [ -3.11399298e-03   2.42806042e-03   9.99992204e-01  -7.98032084e-01]\n",
      " [  0.00000000e+00   0.00000000e+00   0.00000000e+00   1.00000000e+00]]\n"
     ]
    },
    {
     "name": "stderr",
     "output_type": "stream",
     "text": [
      "\r",
      "                                                                               \r",
      "\r",
      "  0% (11 of 4541) |                       | Elapsed Time: 0:00:10 ETA:  1:12:27"
     ]
    },
    {
     "name": "stdout",
     "output_type": "stream",
     "text": [
      "connected mappoints  87\n",
      "11 \n",
      " [[  9.99995133e-01  -1.68043107e-03   2.62870369e-03   7.40091709e-03]\n",
      " [  1.67835766e-03   9.99998279e-01   7.90765774e-04   8.55980375e-03]\n",
      " [ -2.63002799e-03  -7.86350020e-04   9.99996232e-01  -8.17197797e-01]\n",
      " [  0.00000000e+00   0.00000000e+00   0.00000000e+00   1.00000000e+00]]\n"
     ]
    },
    {
     "name": "stderr",
     "output_type": "stream",
     "text": [
      "\r",
      "                                                                               \r",
      "\r",
      "  0% (12 of 4541) |                       | Elapsed Time: 0:00:11 ETA:  1:10:46"
     ]
    },
    {
     "name": "stdout",
     "output_type": "stream",
     "text": [
      "connected mappoints  91\n",
      "12 \n",
      " [[  9.99997184e-01   5.04614666e-04   2.31905974e-03   1.26955486e-03]\n",
      " [ -5.05129903e-04   9.99999848e-01   2.21594530e-04   5.80065505e-03]\n",
      " [ -2.31894757e-03  -2.22765332e-04   9.99997286e-01  -8.25465935e-01]\n",
      " [  0.00000000e+00   0.00000000e+00   0.00000000e+00   1.00000000e+00]]\n"
     ]
    },
    {
     "name": "stderr",
     "output_type": "stream",
     "text": [
      "\r",
      "                                                                               \r",
      "\r",
      "  0% (13 of 4541) |                       | Elapsed Time: 0:00:11 ETA:  1:09:15"
     ]
    },
    {
     "name": "stdout",
     "output_type": "stream",
     "text": [
      "connected mappoints  114\n",
      "13 \n",
      " [[  9.99994355e-01   2.77119130e-03   1.90034779e-03  -1.57598289e-03]\n",
      " [ -2.77286159e-03   9.99995771e-01   8.76865748e-04  -8.43203999e-04]\n",
      " [ -1.89790979e-03  -8.82130199e-04   9.99997810e-01  -8.39318606e-01]\n",
      " [  0.00000000e+00   0.00000000e+00   0.00000000e+00   1.00000000e+00]]\n"
     ]
    },
    {
     "name": "stderr",
     "output_type": "stream",
     "text": [
      "\r",
      "                                                                               \r",
      "\r",
      "  0% (14 of 4541) |                       | Elapsed Time: 0:00:12 ETA:  1:07:57"
     ]
    },
    {
     "name": "stdout",
     "output_type": "stream",
     "text": [
      "connected mappoints  92\n",
      "14 \n",
      " [[  9.99997299e-01   1.05617817e-03   2.07040089e-03   2.14753562e-04]\n",
      " [ -1.05534202e-03   9.99999361e-01  -4.04908256e-04  -1.06837323e-02]\n",
      " [ -2.07082723e-03   4.02722181e-04   9.99997775e-01  -8.30516592e-01]\n",
      " [  0.00000000e+00   0.00000000e+00   0.00000000e+00   1.00000000e+00]]\n"
     ]
    },
    {
     "name": "stderr",
     "output_type": "stream",
     "text": [
      "\r",
      "                                                                               \r",
      "\r",
      "  0% (15 of 4541) |                       | Elapsed Time: 0:00:13 ETA:  1:06:41"
     ]
    },
    {
     "name": "stdout",
     "output_type": "stream",
     "text": [
      "connected mappoints  104\n",
      "15 \n",
      " [[  9.99997336e-01   1.78097870e-03   1.46858799e-03   6.15186445e-03]\n",
      " [ -1.78094562e-03   9.99998414e-01  -2.38300807e-05   1.51770006e-02]\n",
      " [ -1.46862811e-03   2.12145419e-05   9.99998921e-01  -8.61730077e-01]\n",
      " [  0.00000000e+00   0.00000000e+00   0.00000000e+00   1.00000000e+00]]\n"
     ]
    },
    {
     "name": "stderr",
     "output_type": "stream",
     "text": [
      "\r",
      "                                                                               \r",
      "\r",
      "  0% (16 of 4541) |                       | Elapsed Time: 0:00:13 ETA:  1:05:37"
     ]
    },
    {
     "name": "stdout",
     "output_type": "stream",
     "text": [
      "connected mappoints  103\n",
      "16 \n",
      " [[ 0.99999573 -0.00230442  0.00179848  0.00754146]\n",
      " [ 0.00230014  0.99999453  0.00237724  0.00300301]\n",
      " [-0.00180395 -0.00237309  0.99999556 -0.85114646]\n",
      " [ 0.          0.          0.          1.        ]]\n"
     ]
    },
    {
     "name": "stderr",
     "output_type": "stream",
     "text": [
      "\r",
      "                                                                               \r",
      "\r",
      "  0% (17 of 4541) |                       | Elapsed Time: 0:00:14 ETA:  1:04:36"
     ]
    },
    {
     "name": "stdout",
     "output_type": "stream",
     "text": [
      "connected mappoints  100\n",
      "17 \n",
      " [[  9.99999106e-01  -4.26566834e-04   1.26734789e-03   7.06255911e-03]\n",
      " [  4.23146496e-04   9.99996271e-01   2.69785877e-03   3.93827169e-03]\n",
      " [ -1.26849398e-03  -2.69732008e-03   9.99995558e-01  -8.70569552e-01]\n",
      " [  0.00000000e+00   0.00000000e+00   0.00000000e+00   1.00000000e+00]]\n"
     ]
    },
    {
     "name": "stderr",
     "output_type": "stream",
     "text": [
      "\r",
      "                                                                               \r",
      "\r",
      "  0% (18 of 4541) |                       | Elapsed Time: 0:00:15 ETA:  1:03:51"
     ]
    },
    {
     "name": "stdout",
     "output_type": "stream",
     "text": [
      "connected mappoints  85\n",
      "18 \n",
      " [[ 0.99999273 -0.00330122  0.00190895  0.00804218]\n",
      " [ 0.00329845  0.99999351  0.00145082  0.0030749 ]\n",
      " [-0.00191372 -0.00144452  0.99999713 -0.87341901]\n",
      " [ 0.          0.          0.          1.        ]]\n"
     ]
    },
    {
     "name": "stderr",
     "output_type": "stream",
     "text": [
      "\r",
      "                                                                               \r",
      "\r",
      "  0% (19 of 4541) |                       | Elapsed Time: 0:00:16 ETA:  1:03:29"
     ]
    },
    {
     "name": "stdout",
     "output_type": "stream",
     "text": [
      "connected mappoints  92\n",
      "19 \n",
      " [[  9.99997535e-01  -2.06081062e-03   8.26236531e-04   1.31562966e-02]\n",
      " [  2.06092341e-03   9.99997867e-01  -1.35677175e-04   9.14846820e-03]\n",
      " [ -8.25955164e-04   1.37379650e-04   9.99999649e-01  -8.89061157e-01]\n",
      " [  0.00000000e+00   0.00000000e+00   0.00000000e+00   1.00000000e+00]]\n"
     ]
    },
    {
     "name": "stderr",
     "output_type": "stream",
     "text": [
      "\r",
      "                                                                               \r",
      "\r",
      "  0% (20 of 4541) |                       | Elapsed Time: 0:00:16 ETA:  1:03:19"
     ]
    },
    {
     "name": "stdout",
     "output_type": "stream",
     "text": [
      "connected mappoints  97\n",
      "20 \n",
      " [[  9.99999235e-01   5.90422084e-04   1.08671717e-03   1.04595715e-02]\n",
      " [ -5.89319595e-04   9.99999312e-01  -1.01455378e-03   3.99454134e-03]\n",
      " [ -1.08731544e-03   1.01391258e-03   9.99998895e-01  -8.83705692e-01]\n",
      " [  0.00000000e+00   0.00000000e+00   0.00000000e+00   1.00000000e+00]]\n"
     ]
    },
    {
     "name": "stderr",
     "output_type": "stream",
     "text": [
      "\r",
      "                                                                               \r",
      "\r",
      "  0% (21 of 4541) |                       | Elapsed Time: 0:00:17 ETA:  1:03:14"
     ]
    },
    {
     "name": "stdout",
     "output_type": "stream",
     "text": [
      "connected mappoints  101\n",
      "21 \n",
      " [[  9.99998950e-01  -4.89902237e-04   1.36390185e-03   4.46499570e-03]\n",
      " [  4.91555459e-04   9.99999145e-01  -1.21205563e-03   3.46735154e-03]\n",
      " [ -1.36330689e-03   1.21272479e-03   9.99998335e-01  -8.98477580e-01]\n",
      " [  0.00000000e+00   0.00000000e+00   0.00000000e+00   1.00000000e+00]]\n"
     ]
    },
    {
     "name": "stderr",
     "output_type": "stream",
     "text": [
      "\r",
      "                                                                               \r",
      "\r",
      "  0% (22 of 4541) |                       | Elapsed Time: 0:00:18 ETA:  1:03:34"
     ]
    },
    {
     "name": "stdout",
     "output_type": "stream",
     "text": [
      "connected mappoints  131\n",
      "22 \n",
      " [[  9.99999455e-01   7.62652063e-04   7.12446695e-04   1.04169538e-02]\n",
      " [ -7.62578886e-04   9.99999704e-01  -1.02977851e-04   6.54235390e-03]\n",
      " [ -7.12525021e-04   1.02434498e-04   9.99999741e-01  -8.96437845e-01]\n",
      " [  0.00000000e+00   0.00000000e+00   0.00000000e+00   1.00000000e+00]]\n"
     ]
    },
    {
     "name": "stderr",
     "output_type": "stream",
     "text": [
      "\r",
      "                                                                               \r",
      "\r",
      "  0% (23 of 4541) |                       | Elapsed Time: 0:00:19 ETA:  1:04:11"
     ]
    },
    {
     "name": "stdout",
     "output_type": "stream",
     "text": [
      "connected mappoints  130\n",
      "23 \n",
      " [[  9.99999094e-01   1.48801855e-05   1.34590553e-03   1.04658068e-02]\n",
      " [ -1.60627480e-05   9.99999614e-01   8.78630491e-04   7.46124846e-03]\n",
      " [ -1.34589194e-03  -8.78651314e-04   9.99998708e-01  -9.01721538e-01]\n",
      " [  0.00000000e+00   0.00000000e+00   0.00000000e+00   1.00000000e+00]]\n"
     ]
    },
    {
     "name": "stderr",
     "output_type": "stream",
     "text": [
      "\r",
      "                                                                               \r",
      "\r",
      "  0% (24 of 4541) |                       | Elapsed Time: 0:00:20 ETA:  1:04:55"
     ]
    },
    {
     "name": "stdout",
     "output_type": "stream",
     "text": [
      "connected mappoints  115\n",
      "24 \n",
      " [[  9.99998720e-01   1.43630641e-03   7.05268914e-04   2.81350344e-02]\n",
      " [ -1.43678361e-03   9.99998739e-01   6.76579023e-04   8.70283473e-03]\n",
      " [ -7.04296250e-04  -6.77591476e-04   9.99999522e-01  -9.46884355e-01]\n",
      " [  0.00000000e+00   0.00000000e+00   0.00000000e+00   1.00000000e+00]]\n"
     ]
    },
    {
     "name": "stderr",
     "output_type": "stream",
     "text": [
      "\r",
      "                                                                               \r",
      "\r",
      "  0% (25 of 4541) |                       | Elapsed Time: 0:00:21 ETA:  1:05:30"
     ]
    },
    {
     "name": "stdout",
     "output_type": "stream",
     "text": [
      "connected mappoints  104\n",
      "25 \n",
      " [[  9.99999767e-01   3.75681013e-04   5.70119794e-04   3.95796414e-04]\n",
      " [ -3.74645526e-04   9.99998282e-01  -1.81528309e-03   7.22370995e-03]\n",
      " [ -5.70800782e-04   1.81506907e-03   9.99998190e-01  -9.17229749e-01]\n",
      " [  0.00000000e+00   0.00000000e+00   0.00000000e+00   1.00000000e+00]]\n"
     ]
    },
    {
     "name": "stderr",
     "output_type": "stream",
     "text": [
      "\r",
      "                                                                               \r",
      "\r",
      "  0% (26 of 4541) |                       | Elapsed Time: 0:00:22 ETA:  1:05:58"
     ]
    },
    {
     "name": "stdout",
     "output_type": "stream",
     "text": [
      "connected mappoints  101\n",
      "26 \n",
      " [[  9.99998699e-01  -1.57592410e-03  -3.44462215e-04   1.42178994e-02]\n",
      " [  1.57467871e-03   9.99992329e-01  -3.58630684e-03   1.92585976e-02]\n",
      " [  3.50111320e-04   3.58575976e-03   9.99993510e-01  -9.22576438e-01]\n",
      " [  0.00000000e+00   0.00000000e+00   0.00000000e+00   1.00000000e+00]]\n"
     ]
    },
    {
     "name": "stderr",
     "output_type": "stream",
     "text": [
      "\r",
      "                                                                               \r",
      "\r",
      "  0% (27 of 4541) |                       | Elapsed Time: 0:00:23 ETA:  1:06:24"
     ]
    },
    {
     "name": "stdout",
     "output_type": "stream",
     "text": [
      "connected mappoints  115\n",
      "27 \n",
      " [[  9.99999626e-01  -4.13664832e-04  -7.59174408e-04   1.59600709e-03]\n",
      " [  4.11013285e-04   9.99993827e-01  -3.48951072e-03   5.09186597e-03]\n",
      " [  7.60613210e-04   3.48919738e-03   9.99993623e-01  -9.16668738e-01]\n",
      " [  0.00000000e+00   0.00000000e+00   0.00000000e+00   1.00000000e+00]]\n"
     ]
    },
    {
     "name": "stderr",
     "output_type": "stream",
     "text": [
      "\r",
      "                                                                               \r",
      "\r",
      "  0% (28 of 4541) |                       | Elapsed Time: 0:00:24 ETA:  1:06:43"
     ]
    },
    {
     "name": "stdout",
     "output_type": "stream",
     "text": [
      "connected mappoints  103\n",
      "28 \n",
      " [[ 0.99999766  0.0013307  -0.00170794  0.00475206]\n",
      " [-0.00133569  0.99999484 -0.00292046  0.01539057]\n",
      " [ 0.00170405  0.00292273  0.99999428 -0.91780441]\n",
      " [ 0.          0.          0.          1.        ]]\n"
     ]
    },
    {
     "name": "stderr",
     "output_type": "stream",
     "text": [
      "\r",
      "                                                                               \r",
      "\r",
      "  0% (29 of 4541) |                       | Elapsed Time: 0:00:25 ETA:  1:07:06"
     ]
    },
    {
     "name": "stdout",
     "output_type": "stream",
     "text": [
      "connected mappoints  115\n",
      "29 \n",
      " [[  9.99998809e-01   4.87083701e-05  -1.54276358e-03   3.50763040e-03]\n",
      " [ -4.98330489e-05   9.99999733e-01  -7.28972692e-04   7.55416457e-03]\n",
      " [  1.54272766e-03   7.29048704e-04   9.99998544e-01  -9.41365100e-01]\n",
      " [  0.00000000e+00   0.00000000e+00   0.00000000e+00   1.00000000e+00]]\n"
     ]
    },
    {
     "name": "stderr",
     "output_type": "stream",
     "text": [
      "\r",
      "                                                                               \r",
      "\r",
      "  0% (30 of 4541) |                       | Elapsed Time: 0:00:26 ETA:  1:07:13"
     ]
    },
    {
     "name": "stdout",
     "output_type": "stream",
     "text": [
      "connected mappoints  89\n",
      "30 \n",
      " [[ 0.99999792 -0.0016244  -0.00123679 -0.00296523]\n",
      " [ 0.00162779  0.99999491  0.00274422  0.01919504]\n",
      " [ 0.00123233 -0.00274623  0.99999547 -0.92733107]\n",
      " [ 0.          0.          0.          1.        ]]\n"
     ]
    },
    {
     "name": "stderr",
     "output_type": "stream",
     "text": [
      "\r",
      "                                                                               \r",
      "\r",
      "  0% (31 of 4541) |                       | Elapsed Time: 0:00:27 ETA:  1:06:53"
     ]
    },
    {
     "name": "stdout",
     "output_type": "stream",
     "text": [
      "connected mappoints  97\n",
      "31 \n",
      " [[ 0.99999881 -0.00116187 -0.00101199  0.00965927]\n",
      " [ 0.00116688  0.999987    0.00496386  0.00291027]\n",
      " [ 0.00100621 -0.00496503  0.99998717 -0.95078526]\n",
      " [ 0.          0.          0.          1.        ]]\n"
     ]
    },
    {
     "name": "stderr",
     "output_type": "stream",
     "text": [
      "\r",
      "                                                                               \r",
      "\r",
      "  0% (32 of 4541) |                       | Elapsed Time: 0:00:28 ETA:  1:06:55"
     ]
    },
    {
     "name": "stdout",
     "output_type": "stream",
     "text": [
      "connected mappoints  105\n",
      "32 \n",
      " [[  9.99998924e-01   3.59234400e-04  -1.42222514e-03   3.97064198e-03]\n",
      " [ -3.55132940e-04   9.99995781e-01   2.88303649e-03   8.62108066e-03]\n",
      " [  1.42325482e-03  -2.88252831e-03   9.99994833e-01  -9.49914328e-01]\n",
      " [  0.00000000e+00   0.00000000e+00   0.00000000e+00   1.00000000e+00]]\n"
     ]
    },
    {
     "name": "stderr",
     "output_type": "stream",
     "text": [
      "\r",
      "                                                                               \r",
      "\r",
      "  0% (33 of 4541) |                       | Elapsed Time: 0:00:29 ETA:  1:07:00"
     ]
    },
    {
     "name": "stdout",
     "output_type": "stream",
     "text": [
      "connected mappoints  103\n",
      "33 \n",
      " [[  9.99996777e-01   2.44241028e-03  -6.92596840e-04   4.61783380e-03]\n",
      " [ -2.44298542e-03   9.99996671e-01  -8.30776735e-04   3.19670436e-03]\n",
      " [  6.90565437e-04   8.32466062e-04   9.99999415e-01  -9.75129885e-01]\n",
      " [  0.00000000e+00   0.00000000e+00   0.00000000e+00   1.00000000e+00]]\n"
     ]
    },
    {
     "name": "stderr",
     "output_type": "stream",
     "text": [
      "\r",
      "                                                                               \r",
      "\r",
      "  0% (34 of 4541) |                       | Elapsed Time: 0:00:30 ETA:  1:07:05"
     ]
    },
    {
     "name": "stdout",
     "output_type": "stream",
     "text": [
      "connected mappoints  96\n",
      "34 \n",
      " [[  9.99999212e-01   1.25534410e-03   2.82801746e-05   4.36769267e-03]\n",
      " [ -1.25518944e-03   9.99987063e-01  -4.92941453e-03   1.46747175e-02]\n",
      " [ -3.44679202e-05   4.92937514e-03   9.99987850e-01  -9.58659965e-01]\n",
      " [  0.00000000e+00   0.00000000e+00   0.00000000e+00   1.00000000e+00]]\n"
     ]
    },
    {
     "name": "stderr",
     "output_type": "stream",
     "text": [
      "\r",
      "                                                                               \r",
      "\r",
      "  0% (35 of 4541) |                       | Elapsed Time: 0:00:31 ETA:  1:07:21"
     ]
    },
    {
     "name": "stdout",
     "output_type": "stream",
     "text": [
      "connected mappoints  140\n",
      "35 \n",
      " [[  9.99991727e-01   3.99241170e-03   7.78717620e-04  -4.31518202e-03]\n",
      " [ -3.98984062e-03   9.99986675e-01  -3.27574692e-03   1.21261080e-02]\n",
      " [ -7.91785374e-04   3.27261286e-03   9.99994332e-01  -9.62986298e-01]\n",
      " [  0.00000000e+00   0.00000000e+00   0.00000000e+00   1.00000000e+00]]\n"
     ]
    },
    {
     "name": "stderr",
     "output_type": "stream",
     "text": [
      "\r",
      "                                                                               \r",
      "\r",
      "  0% (36 of 4541) |                       | Elapsed Time: 0:00:32 ETA:  1:07:43"
     ]
    },
    {
     "name": "stdout",
     "output_type": "stream",
     "text": [
      "connected mappoints  130\n",
      "36 \n",
      " [[  9.99969080e-01   7.81869615e-03   8.40278139e-04  -1.80370422e-03]\n",
      " [ -7.81917709e-03   9.99969267e-01   5.70597638e-04   8.15419323e-03]\n",
      " [ -8.35790985e-04  -5.77150279e-04   9.99999484e-01  -9.56091458e-01]\n",
      " [  0.00000000e+00   0.00000000e+00   0.00000000e+00   1.00000000e+00]]\n"
     ]
    },
    {
     "name": "stderr",
     "output_type": "stream",
     "text": [
      "\r",
      "                                                                               \r",
      "\r",
      "  0% (37 of 4541) |                       | Elapsed Time: 0:00:33 ETA:  1:07:52"
     ]
    },
    {
     "name": "stdout",
     "output_type": "stream",
     "text": [
      "connected mappoints  91\n",
      "37 \n",
      " [[  9.99996734e-01   2.20302242e-03   1.29588527e-03   6.65080484e-03]\n",
      " [ -2.20820783e-03   9.99989507e-01   4.01371850e-03   3.09908210e-04]\n",
      " [ -1.28702936e-03  -4.01656697e-03   9.99991105e-01  -9.62949103e-01]\n",
      " [  0.00000000e+00   0.00000000e+00   0.00000000e+00   1.00000000e+00]]\n"
     ]
    },
    {
     "name": "stderr",
     "output_type": "stream",
     "text": [
      "\r",
      "                                                                               \r",
      "\r",
      "  0% (38 of 4541) |                       | Elapsed Time: 0:00:34 ETA:  1:07:55"
     ]
    },
    {
     "name": "stdout",
     "output_type": "stream",
     "text": [
      "connected mappoints  94\n",
      "38 \n",
      " [[  9.99998966e-01  -5.33369817e-04   1.33531022e-03   7.11811752e-03]\n",
      " [  5.28124447e-04   9.99992156e-01   3.92547877e-03   3.85087219e-03]\n",
      " [ -1.33739348e-03  -3.92476950e-03   9.99991404e-01  -9.71898034e-01]\n",
      " [  0.00000000e+00   0.00000000e+00   0.00000000e+00   1.00000000e+00]]\n"
     ]
    },
    {
     "name": "stderr",
     "output_type": "stream",
     "text": [
      "\r",
      "                                                                               \r",
      "\r",
      "  0% (39 of 4541) |                       | Elapsed Time: 0:00:35 ETA:  1:08:12"
     ]
    },
    {
     "name": "stdout",
     "output_type": "stream",
     "text": [
      "connected mappoints  109\n",
      "39 \n",
      " [[  9.99996397e-01  -1.65213921e-03   2.11593166e-03  -1.01273544e-03]\n",
      " [  1.65064435e-03   9.99998387e-01   7.08030275e-04   1.18620277e-02]\n",
      " [ -2.11709801e-03  -7.04535073e-04   9.99997511e-01  -9.59307775e-01]\n",
      " [  0.00000000e+00   0.00000000e+00   0.00000000e+00   1.00000000e+00]]\n"
     ]
    },
    {
     "name": "stderr",
     "output_type": "stream",
     "text": [
      "\r",
      "                                                                               \r",
      "\r",
      "  0% (40 of 4541) |                       | Elapsed Time: 0:00:36 ETA:  1:08:24"
     ]
    },
    {
     "name": "stdout",
     "output_type": "stream",
     "text": [
      "connected mappoints  109\n",
      "40 \n",
      " [[  9.99999678e-01   4.71713506e-04   6.49574742e-04   9.12772403e-03]\n",
      " [ -4.70803222e-04   9.99998908e-01  -1.40079507e-03   6.26355524e-03]\n",
      " [ -6.50234806e-04   1.40048880e-03   9.99998808e-01  -9.87937039e-01]\n",
      " [  0.00000000e+00   0.00000000e+00   0.00000000e+00   1.00000000e+00]]\n"
     ]
    },
    {
     "name": "stderr",
     "output_type": "stream",
     "text": [
      "\r",
      "                                                                               \r",
      "\r",
      "  0% (41 of 4541) |                       | Elapsed Time: 0:00:37 ETA:  1:08:17"
     ]
    },
    {
     "name": "stdout",
     "output_type": "stream",
     "text": [
      "connected mappoints  90\n",
      "41 \n",
      " [[ 0.99999536 -0.00279385  0.00121571  0.00742597]\n",
      " [ 0.0027972   0.99999229 -0.00275564  0.01128243]\n",
      " [-0.001208    0.00275902  0.99999546 -0.98329348]\n",
      " [ 0.          0.          0.          1.        ]]\n"
     ]
    },
    {
     "name": "stderr",
     "output_type": "stream",
     "text": [
      "\r",
      "                                                                               \r",
      "\r",
      "  0% (42 of 4541) |                       | Elapsed Time: 0:00:38 ETA:  1:08:08"
     ]
    },
    {
     "name": "stdout",
     "output_type": "stream",
     "text": [
      "connected mappoints  91\n",
      "42 \n",
      " [[  9.99999006e-01   4.25956472e-04   1.34381662e-03   3.65686978e-03]\n",
      " [ -4.24254580e-04   9.99999108e-01  -1.26649222e-03   1.23070388e-02]\n",
      " [ -1.34435489e-03   1.26592084e-03   9.99998295e-01  -1.00406060e+00]\n",
      " [  0.00000000e+00   0.00000000e+00   0.00000000e+00   1.00000000e+00]]\n"
     ]
    },
    {
     "name": "stderr",
     "output_type": "stream",
     "text": [
      "\r",
      "                                                                               \r",
      "\r",
      "  0% (43 of 4541) |                       | Elapsed Time: 0:00:39 ETA:  1:08:03"
     ]
    },
    {
     "name": "stdout",
     "output_type": "stream",
     "text": [
      "connected mappoints  95\n",
      "43 \n",
      " [[  9.99998674e-01  -1.37122831e-03   8.78199576e-04   3.24231839e-03]\n",
      " [  1.37350012e-03   9.99995699e-01  -2.59153947e-03   1.44504723e-02]\n",
      " [ -8.74642206e-04   2.59274224e-03   9.99996256e-01  -9.70842511e-01]\n",
      " [  0.00000000e+00   0.00000000e+00   0.00000000e+00   1.00000000e+00]]\n"
     ]
    },
    {
     "name": "stderr",
     "output_type": "stream",
     "text": [
      "\r",
      "                                                                               \r",
      "\r",
      "  0% (44 of 4541) |                       | Elapsed Time: 0:00:39 ETA:  1:07:58"
     ]
    },
    {
     "name": "stdout",
     "output_type": "stream",
     "text": [
      "connected mappoints  107\n",
      "44 \n",
      " [[  9.99999929e-01   3.28808430e-04  -1.83304973e-04   3.05513837e-03]\n",
      " [ -3.29308054e-04   9.99996213e-01  -2.73230673e-03   8.01195737e-03]\n",
      " [  1.82405873e-04   2.73236690e-03   9.99996250e-01  -9.90065774e-01]\n",
      " [  0.00000000e+00   0.00000000e+00   0.00000000e+00   1.00000000e+00]]\n"
     ]
    },
    {
     "name": "stderr",
     "output_type": "stream",
     "text": [
      "\r",
      "                                                                               \r",
      "\r",
      "  0% (45 of 4541) |                       | Elapsed Time: 0:00:40 ETA:  1:08:22"
     ]
    },
    {
     "name": "stdout",
     "output_type": "stream",
     "text": [
      "connected mappoints  120\n",
      "45 \n",
      " [[  9.99984696e-01  -5.49947828e-03   6.02835083e-04   1.14553372e-02]\n",
      " [  5.50090301e-03   9.99982019e-01  -2.38775892e-03   2.17678408e-02]\n",
      " [ -5.89692815e-04   2.39103851e-03   9.99996968e-01  -9.79483869e-01]\n",
      " [  0.00000000e+00   0.00000000e+00   0.00000000e+00   1.00000000e+00]]\n"
     ]
    },
    {
     "name": "stderr",
     "output_type": "stream",
     "text": [
      "\r",
      "                                                                               \r",
      "\r",
      "  1% (46 of 4541) |                       | Elapsed Time: 0:00:41 ETA:  1:08:04"
     ]
    },
    {
     "name": "stdout",
     "output_type": "stream",
     "text": [
      "connected mappoints  102\n",
      "46 \n",
      " [[  9.99999778e-01   6.41665119e-04   1.80627996e-04   1.33491898e-03]\n",
      " [ -6.41750176e-04   9.99999683e-01   4.71229919e-04   1.26125876e-02]\n",
      " [ -1.80325567e-04  -4.71345732e-04   9.99999873e-01  -9.85162811e-01]\n",
      " [  0.00000000e+00   0.00000000e+00   0.00000000e+00   1.00000000e+00]]\n"
     ]
    },
    {
     "name": "stderr",
     "output_type": "stream",
     "text": [
      "\r",
      "                                                                               \r",
      "\r",
      "  1% (47 of 4541) |                       | Elapsed Time: 0:00:42 ETA:  1:07:40"
     ]
    },
    {
     "name": "stdout",
     "output_type": "stream",
     "text": [
      "connected mappoints  96\n",
      "47 \n",
      " [[  9.99999884e-01  -4.80783080e-04  -1.20158899e-05   9.02092967e-04]\n",
      " [  4.80802627e-04   9.99998467e-01   1.68347690e-03   1.37725189e-02]\n",
      " [  1.12064843e-05  -1.68348248e-03   9.99998583e-01  -9.97598826e-01]\n",
      " [  0.00000000e+00   0.00000000e+00   0.00000000e+00   1.00000000e+00]]\n"
     ]
    },
    {
     "name": "stderr",
     "output_type": "stream",
     "text": [
      "\r",
      "                                                                               \r",
      "\r",
      "  1% (48 of 4541) |                       | Elapsed Time: 0:00:43 ETA:  1:07:16"
     ]
    },
    {
     "name": "stdout",
     "output_type": "stream",
     "text": [
      "connected mappoints  87\n",
      "48 \n",
      " [[  9.99997735e-01  -2.12837699e-03  -2.95133578e-05   8.70656720e-03]\n",
      " [  2.12844381e-03   9.99994642e-01   2.48714642e-03   2.89982447e-03]\n",
      " [  2.42196144e-05  -2.48720361e-03   9.99996907e-01  -9.86934221e-01]\n",
      " [  0.00000000e+00   0.00000000e+00   0.00000000e+00   1.00000000e+00]]\n"
     ]
    },
    {
     "name": "stderr",
     "output_type": "stream",
     "text": [
      "\r",
      "                                                                               \r",
      "\r",
      "  1% (49 of 4541) |                       | Elapsed Time: 0:00:44 ETA:  1:06:51"
     ]
    },
    {
     "name": "stdout",
     "output_type": "stream",
     "text": [
      "connected mappoints  105\n",
      "49 \n",
      " [[  9.99999254e-01   7.45239810e-04   9.67376472e-04   3.61855356e-03]\n",
      " [ -7.45101539e-04   9.99999712e-01  -1.43286681e-04   1.46695217e-02]\n",
      " [ -9.67482977e-04   1.42565781e-04   9.99999522e-01  -9.86888317e-01]\n",
      " [  0.00000000e+00   0.00000000e+00   0.00000000e+00   1.00000000e+00]]\n"
     ]
    },
    {
     "name": "stderr",
     "output_type": "stream",
     "text": [
      "\r",
      "                                                                               \r",
      "\r",
      "  1% (50 of 4541) |                       | Elapsed Time: 0:00:44 ETA:  1:06:19"
     ]
    },
    {
     "name": "stdout",
     "output_type": "stream",
     "text": [
      "connected mappoints  97\n",
      "50 \n",
      " [[ 0.99999548  0.00256839  0.00156115 -0.01140818]\n",
      " [-0.00256675  0.99999615 -0.00105115  0.00669282]\n",
      " [-0.00156384  0.00104714  0.99999823 -0.9822767 ]\n",
      " [ 0.          0.          0.          1.        ]]\n"
     ]
    },
    {
     "name": "stderr",
     "output_type": "stream",
     "text": [
      "\r",
      "                                                                               \r",
      "\r",
      "  1% (51 of 4541) |                       | Elapsed Time: 0:00:45 ETA:  1:05:52"
     ]
    },
    {
     "name": "stdout",
     "output_type": "stream",
     "text": [
      "connected mappoints  90\n",
      "51 \n",
      " [[  9.99999682e-01   2.13686253e-04   7.68904284e-04   1.60753526e-02]\n",
      " [ -2.12979259e-04   9.99999555e-01  -9.19446303e-04   3.14679381e-03]\n",
      " [ -7.69100414e-04   9.19282249e-04   9.99999282e-01  -9.87004901e-01]\n",
      " [  0.00000000e+00   0.00000000e+00   0.00000000e+00   1.00000000e+00]]\n"
     ]
    },
    {
     "name": "stderr",
     "output_type": "stream",
     "text": [
      "\r",
      "                                                                               \r",
      "\r",
